ID,X,Y,V,eV,VI,eVI,MP,sel
391,434.6,422.2,17.392,0.005,0.162,0.008,1.0,1
401,436.1,423.9,18.881,0.005,1.305,0.008,1.0,1
410,438.2,422.1,19.626,0.005,2.315,0.008,1.0,1
382,431.7,427.2,20.855,0.005,1.147,0.008,1.0,1
394,435.0,435.2,21.82,0.005,1.219,0.008,1.0,1
365,427.2,447.2,21.909,0.005,1.446,0.008,1.0,1
439,448.1,419.3,22.116,0.005,1.288,0.008,1.0,1
435,447.1,412.7,22.391,0.005,1.257,0.008,1.0,1
390,434.1,366.9,22.392,0.005,1.397,0.008,1.0,1
388,432.7,439.2,22.476,0.005,1.195,0.008,1.0,1
430,444.1,460.4,22.478,0.005,1.383,0.008,1.0,1
340,420.3,399.2,22.511,0.005,1.236,0.008,1.0,1
276,401.2,362.1,22.522,0.005,1.468,0.008,1.0,1
293,408.3,410.5,22.596,0.005,1.345,0.008,1.0,1
426,442.5,439.7,22.623,0.005,1.215,0.008,1.0,1
236,387.3,342.0,22.633,0.005,1.371,0.008,1.0,1
65,317.4,458.4,22.657,0.005,1.618,0.008,1.0,1
307,410.7,503.7,22.67,0.005,1.291,0.008,1.0,1
360,425.9,482.5,22.692,0.005,1.379,0.008,1.0,1
483,459.9,445.1,22.766,0.005,1.309,0.008,1.0,1
472,456.5,424.2,22.768,0.005,1.329,0.008,1.0,1
79,321.9,467.1,22.773,0.005,1.189,0.008,1.0,1
449,450.3,404.3,22.784,0.005,1.24,0.008,1.0,1
84,323.5,480.3,22.811,0.005,1.417,0.008,1.0,1
338,419.9,424.9,22.848,0.005,1.207,0.008,1.0,1
437,447.5,482.9,22.912,0.005,1.261,0.008,1.0,1
432,445.7,363.7,22.917,0.005,1.354,0.008,1.0,1
766,575.8,549.1,22.917,0.005,1.187,0.008,1.0,1
409,438.0,404.3,22.928,0.005,1.046,0.008,1.0,1
688,532.0,529.9,22.939,0.005,1.314,0.008,1.0,1
528,472.6,458.9,22.992,0.005,1.204,0.008,1.0,1
403,436.3,501.7,22.994,0.005,1.303,0.008,1.0,1
335,418.6,430.0,23.013,0.005,0.779,0.008,1.0,1
510,466.8,421.8,23.067,0.005,1.341,0.008,1.0,1
381,431.1,445.0,23.087,0.005,1.243,0.008,1.0,1
536,475.3,431.5,23.145,0.005,1.485,0.008,1.0,1
322,414.4,441.8,23.146,0.005,1.117,0.008,1.0,1
279,401.6,430.0,23.157,0.005,1.181,0.008,1.0,1
527,472.5,447.7,23.21,0.005,1.156,0.008,1.0,1
176,367.0,311.7,23.234,0.005,0.963,0.008,1.0,1
427,442.9,404.4,23.256,0.005,0.994,0.008,1.0,1
511,467.0,453.0,23.368,0.005,1.218,0.008,1.0,1
351,423.2,408.9,23.481,0.005,1.144,0.008,1.0,1
87,325.1,498.3,23.494,0.005,1.193,0.008,1.0,1
719,547.3,413.3,23.502,0.005,1.266,0.008,1.0,1
474,456.8,389.0,23.522,0.005,0.965,0.008,1.0,1
272,399.7,442.8,23.54,0.005,1.246,0.008,1.0,1
444,449.5,409.1,23.551,0.005,0.867,0.008,1.0,1
379,430.6,400.9,23.601,0.005,0.945,0.008,1.0,1
352,423.5,404.9,23.615,0.005,1.11,0.008,1.0,1
249,391.8,452.4,23.616,0.005,1.224,0.008,1.0,1
556,482.7,426.7,23.637,0.005,1.13,0.008,1.0,1
507,466.2,482.1,23.678,0.005,1.298,0.008,1.0,1
226,384.4,379.1,23.695,0.005,1.182,0.008,1.0,1
242,389.3,433.7,23.698,0.005,1.148,0.008,1.0,1
224,383.6,403.6,23.71,0.005,1.41,0.008,1.0,1
129,346.8,317.5,23.771,0.005,1.183,0.008,1.0,1
692,535.2,373.1,23.771,0.005,1.176,0.008,1.0,1
359,425.7,509.1,23.773,0.005,1.196,0.008,1.0,1
460,454.2,459.0,23.777,0.005,0.722,0.008,1.0,1
434,447.1,407.2,23.819,0.005,0.9,0.008,1.0,1
577,490.7,457.6,23.846,0.005,1.15,0.008,1.0,1
514,469.1,468.1,23.855,0.005,1.028,0.008,1.0,1
345,421.9,431.7,23.889,0.005,1.564,0.008,1.0,1
346,421.9,463.3,23.907,0.005,1.06,0.008,1.0,1
324,415.1,422.5,23.928,0.005,1.163,0.008,1.0,1
502,465.1,505.7,23.965,0.005,1.041,0.008,1.0,1
691,534.9,460.5,23.97,0.005,1.108,0.008,1.0,1
458,453.5,395.3,23.971,0.005,1.063,0.008,1.0,1
429,443.9,394.1,23.978,0.005,1.018,0.008,1.0,1
268,397.5,401.8,23.986,0.005,1.377,0.008,1.0,1
222,382.3,323.8,24.019,0.005,1.137,0.008,1.0,1
407,437.7,444.0,24.072,0.005,1.037,0.008,1.0,1
356,424.0,442.4,24.099,0.005,1.266,0.008,1.0,1
256,393.7,425.3,24.1,0.005,0.959,0.008,1.0,1
367,427.7,397.8,24.11,0.005,0.938,0.008,1.0,1
710,543.7,420.9,24.116,0.006,1.18,0.008,1.0,1
113,337.5,411.9,24.126,0.006,1.078,0.008,1.0,1
706,542.3,384.1,24.148,0.006,1.095,0.008,1.0,1
490,460.4,424.9,24.152,0.005,1.315,0.008,1.0,1
418,441.1,445.0,24.156,0.005,0.651,0.009,1.0,1
262,396.2,313.1,24.217,0.006,1.06,0.008,1.0,1
358,425.1,379.9,24.219,0.006,0.809,0.009,1.0,1
371,428.6,474.6,24.227,0.006,1.093,0.008,1.0,1
317,412.6,363.8,24.257,0.006,0.684,0.009,1.0,1
598,499.3,381.7,24.261,0.006,0.991,0.009,1.0,1
416,440.4,509.1,24.289,0.006,1.045,0.009,1.0,1
197,375.5,451.8,24.304,0.006,1.085,0.009,1.0,1
428,443.1,390.4,24.309,0.006,0.834,0.009,1.0,1
405,436.9,385.5,24.313,0.006,1.006,0.009,1.0,1
128,346.7,418.1,24.318,0.006,1.047,0.009,1.0,1
506,466.2,411.9,24.327,0.006,1.115,0.008,1.0,1
310,411.7,369.5,24.334,0.006,1.115,0.009,1.0,1
465,454.9,531.0,24.359,0.006,0.919,0.009,1.0,1
441,449.0,446.3,24.367,0.006,0.856,0.009,1.0,1
573,488.6,509.1,24.373,0.006,1.027,0.009,1.0,1
237,387.4,439.3,24.392,0.006,1.07,0.009,1.0,1
406,437.4,490.5,24.399,0.006,0.893,0.009,1.0,1
260,394.8,413.0,24.401,0.006,0.859,0.009,1.0,1
179,369.4,417.4,24.412,0.006,1.033,0.009,1.0,1
325,415.7,450.7,24.414,0.006,0.996,0.009,1.0,1
287,404.9,510.3,24.441,0.006,0.54,0.01,1.0,1
167,364.8,506.4,24.458,0.006,1.087,0.009,1.0,1
51,308.7,461.9,24.47,0.006,1.159,0.009,1.0,1
601,500.1,351.4,24.476,0.006,0.952,0.009,1.0,1
75,320.9,393.3,24.488,0.006,-0.491,0.014,1.0,1
557,482.8,480.6,24.492,0.006,0.967,0.009,1.0,1
492,460.5,432.6,24.522,0.006,0.09,0.011,1.0,1
285,404.3,385.2,24.544,0.006,0.987,0.009,1.0,1
57,311.8,508.2,24.548,0.006,0.901,0.009,1.0,1
141,352.8,545.7,24.553,0.006,1.042,0.009,1.0,1
309,411.5,516.5,24.577,0.006,1.068,0.009,1.0,1
673,524.2,459.9,24.589,0.006,1.006,0.009,1.0,1
315,412.3,404.5,24.596,0.006,0.774,0.009,1.0,1
466,455.4,478.1,24.602,0.006,0.816,0.009,1.0,1
301,409.8,492.8,24.612,0.006,1.093,0.009,1.0,1
661,521.0,460.0,24.619,0.006,0.747,0.01,1.0,1
518,469.7,413.1,24.636,0.006,0.363,0.011,1.0,1
275,400.7,456.5,24.653,0.006,0.881,0.009,1.0,1
2,282.8,276.0,24.657,0.006,1.061,0.009,1.0,1
794,587.5,386.5,24.661,0.006,-0.101,0.013,1.0,1
524,471.7,328.6,24.677,0.006,1.104,0.009,1.0,1
569,486.3,330.5,24.679,0.006,1.0,0.009,1.0,1
232,385.7,407.9,24.694,0.006,0.679,0.01,1.0,1
497,463.1,501.5,24.694,0.006,0.813,0.01,1.0,1
313,412.0,400.2,24.716,0.006,1.219,0.009,1.0,1
361,425.9,371.1,24.72,0.006,1.109,0.009,1.0,1
512,467.9,416.2,24.722,0.006,0.418,0.011,1.0,1
402,436.3,448.5,24.728,0.006,0.066,0.012,1.0,1
513,468.5,440.7,24.756,0.006,0.139,0.012,1.0,1
319,413.3,395.5,24.762,0.006,0.893,0.009,1.0,1
585,494.4,402.7,24.769,0.006,0.768,0.01,1.0,1
311,411.9,431.9,24.774,0.006,1.214,0.009,1.0,1
604,501.9,509.6,24.802,0.007,0.856,0.011,1.0,1
93,329.1,385.1,24.808,0.007,0.924,0.011,1.0,1
565,485.7,357.5,24.824,0.007,0.8,0.011,1.0,1
498,463.9,403.7,24.829,0.007,0.337,0.012,1.0,1
270,398.1,386.7,24.835,0.007,0.857,0.011,1.0,1
612,503.1,431.7,24.847,0.007,1.008,0.01,1.0,1
297,409.0,460.4,24.855,0.007,1.023,0.01,1.0,1
278,401.3,393.8,24.864,0.007,1.023,0.01,1.0,1
420,441.1,481.4,24.883,0.007,0.656,0.011,1.0,1
323,415.0,379.8,24.889,0.007,0.319,0.012,1.0,1
212,379.4,406.4,24.899,0.007,1.047,0.01,1.0,1
419,441.1,451.1,24.899,0.007,0.593,0.011,1.0,1
491,460.5,407.3,24.906,0.007,0.883,0.011,1.0,1
579,491.5,377.0,24.913,0.007,0.936,0.011,1.0,1
329,417.0,446.5,24.932,0.007,0.427,0.012,1.0,1
123,342.8,425.8,24.934,0.007,1.102,0.01,1.0,1
552,481.1,504.9,24.936,0.007,0.942,0.011,1.0,1
294,408.4,358.3,24.948,0.007,1.009,0.011,1.0,1
623,505.7,300.5,24.952,0.007,1.204,0.01,1.0,1
289,405.1,483.6,24.955,0.007,0.978,0.011,1.0,1
618,504.6,356.0,24.956,0.007,0.906,0.011,1.0,1
572,488.3,439.8,24.965,0.007,0.857,0.011,1.0,1
16,292.0,495.3,24.969,0.007,0.92,0.011,1.0,1
515,469.1,536.8,24.973,0.007,0.98,0.011,1.0,1
529,472.7,477.9,24.984,0.007,0.613,0.011,1.0,1
481,459.6,382.9,24.988,0.007,0.612,0.011,1.0,1
228,384.5,435.5,24.992,0.007,0.083,0.014,1.0,1
758,571.1,545.4,25.001,0.007,1.084,0.011,1.0,1
523,471.3,333.8,25.007,0.007,0.358,0.013,1.0,1
493,461.3,512.9,25.016,0.007,1.009,0.011,1.0,1
398,435.4,456.6,25.018,0.007,1.072,0.011,1.0,1
362,426.7,349.3,25.021,0.007,0.932,0.011,1.0,1
196,375.5,425.5,25.041,0.007,0.665,0.011,1.0,1
369,428.1,491.2,25.052,0.007,0.854,0.011,1.0,1
530,472.9,441.3,25.052,0.007,0.654,0.011,1.0,1
422,442.1,454.8,25.062,0.007,1.185,0.01,1.0,1
431,445.0,507.0,25.068,0.007,0.953,0.011,1.0,1
558,483.3,396.5,25.069,0.007,1.084,0.011,1.0,1
13,289.9,308.0,25.072,0.007,0.352,0.013,1.0,1
318,412.7,455.1,25.081,0.007,1.213,0.01,1.0,1
587,495.1,419.5,25.089,0.007,1.007,0.011,1.0,1
658,519.9,412.2,25.092,0.008,1.051,0.011,1.0,1
215,380.4,398.3,25.101,0.008,0.928,0.011,1.0,1
291,406.5,436.9,25.13,0.008,0.805,0.012,1.0,1
415,440.1,296.7,25.132,0.008,0.801,0.012,1.0,1
172,366.5,344.2,25.133,0.008,-0.024,0.017,1.0,1
211,378.0,519.9,25.134,0.008,0.288,0.014,1.0,1
501,465.1,386.2,25.139,0.008,0.636,0.013,1.0,1
624,507.0,388.9,25.144,0.008,0.944,0.012,1.0,1
263,396.8,380.6,25.152,0.008,0.798,0.012,1.0,1
98,330.6,300.4,25.16,0.008,0.546,0.014,1.0,1
559,483.7,456.1,25.168,0.008,1.0,0.011,1.0,1
45,305.7,484.9,25.169,0.008,0.646,0.013,1.0,1
448,450.1,369.9,25.18,0.008,0.054,0.017,1.0,1
546,478.7,336.4,25.192,0.008,0.846,0.012,1.0,1
164,364.1,332.8,25.197,0.008,0.793,0.012,1.0,1
726,552.0,481.3,25.197,0.008,0.404,0.014,1.0,1
1,282.1,428.0,25.203,0.008,0.851,0.012,1.0,1
626,507.2,317.7,25.204,0.008,0.436,0.014,1.0,1
542,477.7,462.1,25.206,0.008,0.82,0.012,1.0,1
173,366.7,318.1,25.222,0.008,0.593,0.014,1.0,1
412,438.4,398.2,25.23,0.008,0.668,0.013,1.0,1
621,505.6,435.5,25.234,0.008,0.017,0.018,1.0,1
182,371.1,475.0,25.24,0.008,-0.212,0.021,1.0,1
290,405.8,403.7,25.241,0.008,0.694,0.013,1.0,1
151,358.0,273.1,25.242,0.008,0.89,0.012,1.0,1
303,410.3,286.3,25.25,0.008,0.745,0.013,1.0,1
590,496.5,431.4,25.258,0.008,0.498,0.014,1.0,1
265,396.9,348.5,25.262,0.008,0.642,0.014,1.0,1
413,439.0,356.9,25.262,0.008,0.908,0.012,1.0,1
728,552.7,281.2,25.267,0.008,0.625,0.014,1.0,1
217,381.6,352.4,25.272,0.008,0.774,0.013,1.0,1
258,394.6,352.1,25.277,0.008,0.279,0.015,1.0,1
342,420.6,270.5,25.277,0.008,0.898,0.012,1.0,1
508,466.3,282.5,25.278,0.008,1.112,0.011,1.0,1
453,451.7,468.8,25.282,0.008,0.823,0.013,1.0,1
157,361.7,364.8,25.287,0.008,0.791,0.013,1.0,1
91,328.0,337.5,25.288,0.008,0.828,0.013,1.0,1
639,512.6,276.0,25.288,0.008,-0.242,0.022,1.0,1
783,582.9,402.9,25.297,0.008,0.843,0.013,1.0,1
697,539.1,392.3,25.299,0.008,1.034,0.012,1.0,1
247,391.2,443.2,25.304,0.008,1.077,0.012,1.0,1
101,331.4,373.9,25.31,0.008,0.974,0.012,1.0,1
126,345.9,462.5,25.313,0.009,0.837,0.013,1.0,1
302,410.0,425.0,25.313,0.008,0.83,0.013,1.0,1
545,478.6,295.6,25.314,0.009,0.809,0.013,1.0,1
368,428.0,459.1,25.321,0.008,-0.448,0.024,1.0,1
283,404.1,424.4,25.322,0.008,0.641,0.014,1.0,1
349,422.4,343.1,25.322,0.008,0.521,0.014,1.0,1
166,364.5,549.8,25.328,0.009,0.776,0.013,1.0,1
372,429.1,529.7,25.328,0.009,0.498,0.015,1.0,1
348,422.3,371.1,25.334,0.008,0.972,0.012,1.0,1
547,479.0,517.8,25.336,0.009,0.852,0.013,1.0,1
657,519.7,486.7,25.336,0.009,0.526,0.015,1.0,1
605,502.0,545.8,25.337,0.009,0.756,0.013,1.0,1
200,377.1,446.3,25.351,0.009,0.643,0.014,1.0,1
539,476.3,409.7,25.354,0.008,0.507,0.014,1.0,1
336,419.0,379.3,25.357,0.009,0.856,0.013,1.0,1
26,297.3,527.5,25.358,0.009,0.907,0.013,1.0,1
280,402.3,380.9,25.363,0.009,0.93,0.013,1.0,1
723,551.0,384.9,25.366,0.009,0.63,0.014,1.0,1
678,525.7,326.2,25.367,0.009,0.734,0.014,1.0,1
567,486.1,420.6,25.372,0.009,0.176,0.018,1.0,1
261,395.1,530.0,25.375,0.009,0.445,0.016,1.0,1
288,405.1,392.4,25.377,0.009,0.162,0.018,1.0,1
118,339.5,507.9,25.379,0.009,0.629,0.015,1.0,1
229,384.6,305.9,25.382,0.009,0.717,0.014,1.0,1
76,321.2,270.7,25.387,0.009,0.837,0.013,1.0,1
384,432.3,349.8,25.389,0.009,0.948,0.013,1.0,1
669,522.9,371.1,25.389,0.009,0.931,0.013,1.0,1
671,523.4,536.4,25.392,0.009,0.563,0.015,1.0,1
62,315.7,529.0,25.394,0.009,0.889,0.013,1.0,1
243,389.4,403.5,25.396,0.009,0.815,0.013,1.0,1
142,353.1,508.2,25.399,0.009,0.478,0.016,1.0,1
443,449.5,385.6,25.4,0.008,-1.049,0.042,1.0,1
561,483.9,393.4,25.4,0.009,0.246,0.017,1.0,1
140,352.5,377.5,25.402,0.009,0.466,0.016,1.0,1
52,309.1,513.3,25.405,0.008,-2.03,0.089,1.0,1
476,457.1,369.9,25.406,0.009,0.609,0.015,1.0,1
238,387.5,350.7,25.411,0.009,0.733,0.014,1.0,1
464,454.7,382.3,25.415,0.009,0.631,0.015,1.0,1
143,353.5,353.4,25.42,0.009,0.927,0.013,1.0,1
203,377.4,296.7,25.422,0.009,0.524,0.016,1.0,1
117,338.8,511.0,25.425,0.009,0.988,0.013,1.0,1
421,441.4,370.6,25.425,0.009,0.544,0.016,1.0,1
417,440.9,538.5,25.427,0.009,0.847,0.014,1.0,1
326,416.2,273.1,25.429,0.009,0.36,0.017,1.0,1
210,378.0,440.1,25.435,0.009,0.138,0.019,1.0,1
250,391.8,510.1,25.435,0.009,0.524,0.016,1.0,1
316,412.4,480.0,25.435,0.009,0.914,0.013,1.0,1
55,310.8,294.4,25.438,0.009,0.174,0.018,1.0,1
792,587.3,517.1,25.441,0.009,0.422,0.017,1.0,1
594,497.7,458.0,25.442,0.009,1.1,0.013,1.0,1
595,497.7,504.9,25.442,0.009,0.208,0.018,1.0,1
610,502.9,388.5,25.442,0.009,0.918,0.013,1.0,1
596,498.6,408.0,25.448,0.009,-0.02,0.021,1.0,1
499,464.7,489.5,25.45,0.009,0.455,0.017,1.0,1
445,449.5,454.3,25.452,0.009,1.078,0.013,1.0,1
208,377.9,304.9,25.462,0.009,0.995,0.013,1.0,1
592,496.7,510.5,25.471,0.009,0.164,0.019,1.0,1
332,417.7,383.8,25.473,0.009,-0.466,0.028,1.0,1
480,458.9,473.0,25.481,0.009,0.845,0.014,1.0,1
495,461.8,378.1,25.481,0.009,0.756,0.014,1.0,1
277,401.3,377.4,25.482,0.009,-0.29,0.026,1.0,1
456,452.7,299.0,25.49,0.009,0.652,0.015,1.0,1
560,483.7,547.2,25.496,0.01,0.873,0.015,1.0,1
635,512.1,417.5,25.504,0.01,0.791,0.015,1.0,1
32,298.9,448.8,25.512,0.01,1.056,0.014,1.0,1
160,362.8,384.3,25.517,0.01,0.908,0.015,1.0,1
591,496.7,368.1,25.521,0.009,-0.019,0.022,1.0,1
543,478.3,479.6,25.522,0.01,0.191,0.02,1.0,1
304,410.4,419.8,25.524,0.009,1.036,0.013,1.0,1
477,457.1,466.4,25.524,0.01,0.465,0.017,1.0,1
436,447.5,376.8,25.528,0.01,0.936,0.014,1.0,1
202,377.3,420.3,25.529,0.01,0.811,0.015,1.0,1
194,373.7,368.6,25.53,0.01,0.633,0.016,1.0,1
178,369.3,403.5,25.539,0.01,0.561,0.016,1.0,1
684,529.4,435.7,25.543,0.01,0.64,0.016,1.0,1
7,285.2,453.9,25.548,0.01,0.715,0.016,1.0,1
271,398.5,421.4,25.548,0.01,1.011,0.014,1.0,1
253,393.2,483.4,25.554,0.01,0.333,0.019,1.0,1
92,329.0,472.3,25.562,0.01,0.418,0.018,1.0,1
357,424.5,386.3,25.576,0.009,2.217,0.011,1.0,1
714,544.9,461.3,25.576,0.01,0.622,0.016,1.0,1
296,408.8,482.4,25.58,0.01,-0.113,0.025,1.0,1
61,314.8,444.3,25.584,0.01,0.908,0.015,1.0,1
387,432.6,533.7,25.586,0.01,0.932,0.015,1.0,1
251,392.2,385.9,25.592,0.01,0.649,0.016,1.0,1
461,454.3,502.1,25.597,0.01,-0.461,0.033,1.0,1
399,435.8,484.2,25.6,0.01,-0.619,0.036,1.0,1
124,343.9,440.2,25.611,0.01,0.621,0.017,1.0,1
521,471.0,399.0,25.613,0.01,0.667,0.016,1.0,1
750,564.1,365.8,25.614,0.01,1.036,0.014,1.0,1
168,364.9,351.1,25.615,0.01,0.784,0.016,1.0,1
240,387.6,548.1,25.623,0.01,0.827,0.016,1.0,1
489,460.4,403.3,25.629,0.01,0.183,0.021,1.0,1
471,456.5,403.6,25.64,0.01,1.143,0.014,1.0,1
589,495.9,353.3,25.64,0.01,0.902,0.015,1.0,1
347,422.2,340.1,25.643,0.01,0.607,0.017,1.0,1
389,432.9,525.5,25.651,0.011,0.587,0.018,1.0,1
566,486.0,365.7,25.655,0.01,0.79,0.016,1.0,1
108,335.3,309.0,25.659,0.011,1.222,0.015,1.0,1
698,539.8,424.7,25.668,0.011,0.672,0.018,1.0,1
266,396.9,394.5,25.67,0.01,0.483,0.018,1.0,1
562,483.9,469.1,25.682,0.011,0.884,0.016,1.0,1
186,371.7,376.9,25.686,0.011,0.935,0.016,1.0,1
683,529.3,452.2,25.692,0.011,0.818,0.017,1.0,1
423,442.4,356.9,25.693,0.011,0.861,0.016,1.0,1
155,360.5,431.5,25.694,0.011,0.595,0.019,1.0,1
246,390.5,329.9,25.694,0.01,-1.616,0.084,1.0,1
484,460.0,488.4,25.703,0.011,0.177,0.023,1.0,1
6,284.1,347.8,25.706,0.009,-2.414,0.154,1.0,1
213,379.6,347.7,25.715,0.011,0.66,0.018,1.0,1
782,582.6,326.4,25.724,0.011,0.385,0.021,1.0,1
46,306.1,477.2,25.731,0.011,-0.054,0.027,1.0,1
259,394.6,418.3,25.731,0.011,0.625,0.019,1.0,1
611,503.0,481.4,25.739,0.011,0.951,0.016,1.0,1
734,555.8,451.4,25.739,0.011,0.932,0.016,1.0,1
156,361.5,356.4,25.747,0.011,0.949,0.016,1.0,1
630,509.3,493.4,25.748,0.011,0.689,0.018,1.0,1
695,538.4,482.1,25.769,0.011,0.741,0.018,1.0,1
220,382.1,386.5,25.773,0.011,-0.189,0.03,1.0,1
341,420.3,458.7,25.778,0.011,0.636,0.019,1.0,1
133,348.9,515.7,25.785,0.012,0.953,0.017,1.0,1
586,494.5,429.3,25.79,0.011,0.959,0.016,1.0,1
496,463.0,349.3,25.793,0.011,0.829,0.017,1.0,1
306,410.7,450.5,25.799,0.011,1.728,0.014,1.0,1
377,430.2,387.1,25.8,0.011,0.269,0.023,1.0,1
751,564.7,539.6,25.806,0.012,0.831,0.018,1.0,1
393,434.8,479.7,25.813,0.012,0.827,0.018,1.0,1
681,527.7,471.7,25.816,0.012,0.919,0.018,1.0,1
452,450.8,343.2,25.823,0.012,0.918,0.018,1.0,1
780,582.0,347.1,25.831,0.012,0.857,0.018,1.0,1
183,371.1,478.3,25.841,0.012,0.858,0.018,1.0,1
718,547.0,431.0,25.841,0.012,1.102,0.017,1.0,1
404,436.5,464.1,25.845,0.012,0.847,0.018,1.0,1
392,434.8,390.0,25.86,0.012,0.468,0.022,1.0,1
554,481.9,445.4,25.862,0.012,0.002,0.029,1.0,1
776,581.5,393.5,25.862,0.013,0.29,0.026,1.0,1
414,439.1,474.1,25.867,0.012,0.835,0.018,1.0,1
188,372.5,324.0,25.879,0.012,0.634,0.02,1.0,1
344,421.4,513.3,25.898,0.013,0.32,0.025,1.0,1
216,380.8,366.4,25.905,0.013,0.926,0.018,1.0,1
540,476.6,414.8,25.913,0.012,0.62,0.021,1.0,1
504,466.1,369.9,25.914,0.013,0.938,0.018,1.0,1
375,429.8,535.3,25.917,0.013,1.033,0.018,1.0,1
54,310.3,444.4,25.93,0.013,0.544,0.022,1.0,1
486,460.3,417.5,25.936,0.012,0.702,0.02,1.0,1
531,473.1,380.5,25.936,0.013,0.972,0.018,1.0,1
36,300.9,412.6,25.937,0.013,1.076,0.018,1.0,1
784,583.1,468.0,25.948,0.013,0.606,0.022,1.0,1
564,485.4,475.1,25.949,0.013,0.821,0.02,1.0,1
231,385.4,396.6,25.951,0.013,0.758,0.021,1.0,1
473,456.7,398.9,26.004,0.013,0.894,0.019,1.0,1
282,403.1,399.5,26.015,0.013,0.933,0.019,1.0,1
110,335.8,335.5,26.021,0.014,0.703,0.023,1.0,1
463,454.6,473.2,26.067,0.014,0.791,0.022,1.0,1
267,397.4,397.2,26.084,0.014,0.597,0.024,1.0,1
333,417.9,381.3,26.092,0.014,0.689,0.023,1.0,1
582,491.7,287.2,26.096,0.015,1.129,0.021,1.0,1
761,573.7,419.3,26.098,0.015,0.837,0.023,1.0,1
130,347.7,504.7,26.099,0.014,-0.096,0.038,1.0,1
701,540.3,336.2,26.107,0.015,0.506,0.027,1.0,1
532,473.7,436.7,26.114,0.014,0.257,0.03,1.0,1
78,321.9,317.9,26.128,0.015,0.643,0.025,1.0,1
541,477.1,491.6,26.134,0.015,0.983,0.021,1.0,1
339,420.0,361.0,26.148,0.015,0.633,0.025,1.0,1
109,335.5,434.8,26.176,0.016,0.708,0.025,1.0,1
175,366.9,328.2,26.188,0.015,-0.057,0.04,1.0,1
305,410.5,428.6,26.19,0.015,0.417,0.028,1.0,1
485,460.0,520.9,26.204,0.016,1.256,0.021,1.0,1
739,559.3,312.3,26.209,0.016,1.07,0.022,1.0,1
742,560.7,412.4,26.231,0.016,1.599,0.019,1.0,1
765,575.2,496.6,26.236,0.017,0.958,0.024,1.0,1
292,406.7,466.2,26.237,0.016,0.492,0.029,1.0,1
641,512.7,544.2,26.242,0.017,0.75,0.026,1.0,1
767,576.5,386.5,26.267,0.018,0.831,0.027,1.0,1
737,557.3,300.3,26.289,0.017,0.871,0.025,1.0,1
727,552.1,361.7,26.291,0.017,0.829,0.026,1.0,1
355,424.0,321.7,26.298,0.017,0.674,0.028,1.0,1
53,309.7,326.2,26.305,0.017,0.716,0.028,1.0,1
503,465.3,494.3,26.322,0.018,0.624,0.03,1.0,1
607,502.3,394.1,26.326,0.018,0.981,0.025,1.0,1
438,447.5,492.1,26.341,0.018,0.842,0.027,1.0,1
500,465.1,373.3,26.343,0.017,0.695,0.028,1.0,1
193,373.5,459.5,26.354,0.019,0.746,0.03,1.0,1
150,357.3,335.6,26.36,0.018,0.972,0.026,1.0,1
451,450.7,382.5,26.365,0.018,0.711,0.029,1.0,1
225,384.4,315.4,26.371,0.018,0.49,0.033,1.0,1
24,296.6,515.8,26.384,0.018,-0.055,0.048,1.0,1
712,544.4,485.6,26.385,0.019,0.884,0.028,1.0,1
724,551.3,449.5,26.389,0.019,0.592,0.032,1.0,1
600,499.8,415.9,26.393,0.018,0.561,0.032,1.0,1
221,382.1,445.1,26.414,0.019,0.66,0.031,1.0,1
18,292.8,466.3,26.424,0.019,0.385,0.037,1.0,1
637,512.5,408.1,26.435,0.019,0.811,0.029,1.0,1
383,431.8,489.9,26.46,0.019,0.053,0.047,1.0,1
181,370.4,430.4,26.473,0.02,0.826,0.03,1.0,1
455,452.6,313.7,26.48,0.02,0.58,0.034,1.0,1
571,488.1,337.0,26.484,0.02,0.83,0.03,1.0,1
274,400.6,462.4,26.485,0.02,0.647,0.034,1.0,1
454,452.5,348.3,26.496,0.02,0.987,0.028,1.0,1
116,337.9,285.3,26.503,0.02,0.51,0.036,1.0,1
102,331.5,482.4,26.509,0.02,0.367,0.039,1.0,1
400,435.9,467.3,26.512,0.02,0.664,0.034,1.0,1
386,432.6,508.6,26.513,0.021,0.974,0.03,1.0,1
144,353.8,431.9,26.515,0.021,0.973,0.03,1.0,1
707,542.5,445.0,26.517,0.021,0.857,0.031,1.0,1
619,504.8,465.8,26.521,0.019,-0.821,0.096,1.0,1
154,360.4,434.5,26.527,0.021,0.8,0.032,1.0,1
647,515.7,409.6,26.545,0.021,0.367,0.041,1.0,1
136,351.6,359.3,26.558,0.021,0.714,0.034,1.0,1
636,512.1,504.0,26.563,0.022,0.829,0.033,1.0,1
295,408.4,486.9,26.565,0.021,1.24,0.028,1.0,1
643,513.8,465.1,26.571,0.02,-0.583,0.082,1.0,1
373,429.4,391.7,26.576,0.021,-0.012,0.053,1.0,1
37,302.0,324.9,26.577,0.021,0.845,0.032,1.0,1
43,304.4,361.4,26.605,0.022,0.569,0.038,1.0,1
366,427.3,328.3,26.612,0.022,0.467,0.04,1.0,1
538,476.2,400.4,26.614,0.022,0.815,0.034,1.0,1
537,475.6,405.3,26.615,0.022,0.491,0.04,1.0,1
343,421.4,391.4,26.621,0.021,-0.265,0.066,1.0,1
447,449.8,472.2,26.622,0.023,0.593,0.039,1.0,1
264,396.8,463.4,26.624,0.022,0.615,0.037,1.0,1
709,543.2,301.1,26.628,0.023,0.776,0.035,1.0,1
425,442.5,306.5,26.63,0.022,0.554,0.039,1.0,1
284,404.2,471.7,26.632,0.021,-0.233,0.066,1.0,1
693,536.3,446.5,26.632,0.023,0.884,0.034,1.0,1
67,317.6,376.7,26.633,0.023,0.421,0.044,1.0,1
385,432.6,336.7,26.636,0.021,-0.748,0.099,1.0,1
729,553.3,393.5,26.637,0.024,0.846,0.036,1.0,1
773,580.5,299.5,26.639,0.024,0.959,0.034,1.0,1
633,510.8,440.0,26.657,0.021,-1.007,0.125,1.0,1
754,565.6,514.3,26.663,0.024,0.785,0.037,1.0,1
148,355.6,396.4,26.669,0.023,0.602,0.039,1.0,1
770,577.8,506.8,26.676,0.024,0.809,0.037,1.0,1
161,363.2,410.1,26.69,0.024,0.994,0.034,1.0,1
555,482.5,301.3,26.699,0.024,0.723,0.038,1.0,1
534,474.5,352.3,26.71,0.024,0.555,0.042,1.0,1
214,380.0,422.9,26.712,0.024,1.105,0.033,1.0,1
664,521.4,471.0,26.715,0.024,0.746,0.038,1.0,1
180,369.5,513.0,26.741,0.024,-0.359,0.082,1.0,1
743,561.5,361.4,26.741,0.026,0.571,0.045,1.0,1
198,376.0,286.0,26.746,0.025,0.714,0.04,1.0,1
12,289.6,483.5,26.758,0.026,0.429,0.049,1.0,1
479,458.3,354.8,26.774,0.025,0.564,0.044,1.0,1
440,449.0,285.2,26.775,0.025,0.652,0.042,1.0,1
424,442.5,288.5,26.782,0.027,0.59,0.047,1.0,1
663,521.4,323.6,26.788,0.026,0.807,0.04,1.0,1
334,418.3,391.9,26.789,0.026,0.917,0.037,1.0,1
85,323.6,312.5,26.795,0.025,-0.415,0.089,1.0,1
662,521.2,349.5,26.798,0.026,0.873,0.039,1.0,1
120,339.9,434.6,26.8,0.026,0.449,0.049,1.0,1
442,449.5,334.4,26.808,0.028,1.336,0.035,1.0,1
533,473.8,546.2,26.814,0.026,0.726,0.042,1.0,1
103,333.0,489.4,26.82,0.027,0.698,0.044,1.0,1
668,522.6,269.6,26.83,0.027,0.401,0.052,1.0,1
628,507.7,406.4,26.836,0.027,0.918,0.04,1.0,1
298,409.2,535.9,26.848,0.027,0.438,0.052,1.0,1
158,362.2,472.9,26.849,0.027,0.155,0.061,1.0,1
374,429.7,519.7,26.856,0.027,0.399,0.053,1.0,1
159,362.3,445.7,26.859,0.028,0.655,0.046,1.0,1
446,449.8,269.5,26.862,0.027,1.267,0.035,1.0,1
39,303.4,452.0,26.864,0.027,0.002,0.069,1.0,1
10,287.5,355.8,26.865,0.028,0.889,0.041,1.0,1
578,490.9,487.2,26.876,0.028,0.712,0.045,1.0,1
771,577.9,473.1,26.891,0.029,0.814,0.044,1.0,1
25,297.0,372.8,26.892,0.027,-0.259,0.085,1.0,1
482,459.7,284.7,26.895,0.028,0.61,0.048,1.0,1
233,385.9,388.2,26.897,0.028,0.78,0.044,1.0,1
462,454.5,355.1,26.899,0.029,0.855,0.044,1.0,1
4,283.5,341.0,26.902,0.028,-0.113,0.078,1.0,1
763,574.5,313.4,26.907,0.028,0.24,0.062,1.0,1
56,311.6,493.7,26.917,0.029,0.176,0.065,1.0,1
738,557.3,458.4,26.92,0.03,-0.024,0.077,1.0,1
593,496.8,411.9,26.922,0.029,0.945,0.042,1.0,1
608,502.3,523.9,26.932,0.029,0.321,0.06,1.0,1
70,318.5,503.2,26.939,0.028,-0.548,0.114,1.0,1
638,512.5,508.4,26.95,0.03,0.235,0.064,1.0,1
146,354.4,296.5,26.954,0.031,0.583,0.053,1.0,1
520,470.5,521.4,26.958,0.03,0.113,0.071,1.0,1
660,520.5,545.5,26.959,0.032,0.958,0.046,1.0,1
795,587.8,439.3,26.967,0.028,-0.809,0.141,1.0,1
273,400.2,473.6,26.972,0.03,1.481,0.036,1.0,1
548,479.3,388.5,26.976,0.03,0.547,0.054,1.0,1
748,563.9,444.5,26.976,0.031,0.909,0.045,1.0,1
131,348.6,369.7,26.979,0.03,1.305,0.038,1.0,1
89,326.3,452.5,26.983,0.031,1.111,0.041,1.0,1
162,363.5,340.2,26.983,0.028,-0.839,0.147,1.0,1
505,466.2,393.3,26.984,0.029,-0.283,0.096,1.0,1
330,417.1,474.1,26.991,0.03,0.313,0.063,1.0,1
469,456.2,338.0,26.997,0.031,0.73,0.049,1.0,1
488,460.4,398.9,26.998,0.031,0.603,0.053,1.0,1
299,409.3,327.8,27.007,0.031,0.967,0.045,1.0,1
746,563.0,306.0,27.009,0.032,0.863,0.047,1.0,1
207,377.8,412.3,27.018,0.032,0.763,0.05,1.0,1
300,409.5,547.2,27.03,0.031,2.306,0.033,1.0,1
163,364.0,455.0,27.04,0.032,0.642,0.054,1.0,1
575,489.5,494.3,27.04,0.032,0.545,0.058,1.0,1
634,511.4,358.3,27.041,0.032,0.342,0.064,1.0,1
576,490.4,338.6,27.047,0.032,0.77,0.05,1.0,1
588,495.5,477.7,27.048,0.033,0.63,0.056,1.0,1
48,307.1,413.8,27.066,0.033,0.441,0.063,1.0,1
396,435.4,324.2,27.071,0.033,1.146,0.044,1.0,1
487,460.3,482.0,27.081,0.033,0.502,0.061,1.0,1
721,550.0,494.4,27.084,0.034,0.459,0.063,1.0,1
327,416.2,495.5,27.097,0.034,0.237,0.074,1.0,1
651,517.4,372.6,27.097,0.033,0.065,0.083,1.0,1
475,456.9,358.3,27.098,0.033,0.916,0.049,1.0,1
83,323.4,452.1,27.112,0.033,0.071,0.082,1.0,1
364,427.2,297.5,27.122,0.034,2.12,0.037,1.0,1
789,586.9,434.6,27.124,0.035,0.597,0.06,1.0,1
459,454.2,333.1,27.142,0.034,-0.148,0.1,1.0,1
88,325.2,521.1,27.145,0.035,0.014,0.089,1.0,1
640,512.6,499.7,27.164,0.036,1.547,0.042,1.0,1
66,317.6,346.3,27.165,0.036,1.126,0.048,1.0,1
581,491.6,535.8,27.182,0.037,0.867,0.055,1.0,1
788,585.7,488.0,27.191,0.035,-0.703,0.161,1.0,1
522,471.1,388.6,27.195,0.037,1.032,0.051,1.0,1
376,430.2,344.5,27.209,0.037,0.673,0.061,1.0,1
147,355.1,466.8,27.211,0.035,-0.674,0.159,1.0,1
252,392.6,369.0,27.212,0.037,0.835,0.057,1.0,1
631,510.0,436.8,27.212,0.037,-0.026,0.097,1.0,1
234,386.1,328.8,27.214,0.037,0.794,0.057,1.0,1
517,469.5,286.4,27.217,0.039,0.825,0.059,1.0,1
281,402.9,372.3,27.22,0.037,0.581,0.065,1.0,1
655,519.1,384.7,27.243,0.039,1.025,0.054,1.0,1
470,456.3,295.2,27.249,0.039,1.006,0.054,1.0,1
699,539.9,487.7,27.249,0.039,1.124,0.052,1.0,1
245,390.4,492.1,27.253,0.038,0.121,0.09,1.0,1
192,373.5,429.6,27.257,0.039,0.939,0.057,1.0,1
199,376.5,352.4,27.271,0.04,0.057,0.099,1.0,1
44,305.3,365.6,27.272,0.039,0.036,0.098,1.0,1
204,377.5,289.3,27.275,0.04,0.655,0.066,1.0,1
677,525.5,500.9,27.283,0.041,0.699,0.066,1.0,1
550,480.8,368.4,27.294,0.039,0.149,0.093,1.0,1
433,446.7,318.0,27.3,0.04,0.264,0.086,1.0,1
722,550.5,526.4,27.304,0.04,0.297,0.085,1.0,1
725,551.4,291.4,27.306,0.04,-0.03,0.109,1.0,1
625,507.1,469.2,27.309,0.041,1.212,0.053,1.0,1
747,563.4,356.6,27.315,0.04,-0.363,0.138,1.0,1
127,346.5,527.0,27.318,0.041,0.766,0.065,1.0,1
715,545.2,334.6,27.318,0.041,0.559,0.073,1.0,1
769,577.3,328.5,27.327,0.042,0.853,0.063,1.0,1
645,514.7,347.7,27.328,0.041,0.72,0.066,1.0,1
700,540.0,512.5,27.33,0.042,0.844,0.063,1.0,1
363,426.9,272.9,27.334,0.041,1.03,0.057,1.0,1
187,372.4,503.6,27.342,0.042,0.01,0.108,1.0,1
741,560.4,392.8,27.345,0.042,0.584,0.073,1.0,1
320,413.8,299.6,27.353,0.042,0.652,0.07,1.0,1
68,317.8,537.6,27.355,0.042,0.432,0.082,1.0,1
713,544.6,355.3,27.356,0.045,1.029,0.062,1.0,1
549,480.6,351.1,27.371,0.042,-0.063,0.115,1.0,1
568,486.3,316.5,27.376,0.045,1.001,0.063,1.0,1
779,581.8,441.3,27.385,0.044,0.583,0.076,1.0,1
77,321.8,348.6,27.388,0.044,0.611,0.074,1.0,1
791,587.1,332.0,27.388,0.043,0.87,0.064,1.0,1
654,518.1,482.9,27.392,0.044,0.748,0.07,1.0,1
745,562.7,521.5,27.395,0.045,0.901,0.067,1.0,1
755,567.7,426.5,27.404,0.046,0.241,0.099,1.0,1
350,423.0,325.9,27.408,0.044,1.101,0.059,1.0,1
230,384.7,544.3,27.41,0.045,1.113,0.06,1.0,1
106,334.5,369.6,27.421,0.045,0.822,0.069,1.0,1
778,581.7,312.7,27.421,0.046,1.051,0.063,1.0,1
756,569.4,311.2,27.424,0.045,-0.025,0.118,1.0,1
82,323.1,408.5,27.425,0.042,2.523,0.044,1.0,1
648,516.7,511.2,27.432,0.043,2.757,0.044,1.0,1
209,377.9,384.3,27.433,0.045,0.478,0.084,1.0,1
632,510.5,523.9,27.434,0.044,-0.347,0.152,1.0,1
674,524.2,306.7,27.434,0.044,-0.244,0.139,1.0,1
219,381.9,477.8,27.439,0.046,0.791,0.072,1.0,1
257,394.3,463.4,27.444,0.046,0.809,0.07,1.0,1
321,414.3,539.9,27.448,0.046,0.784,0.072,1.0,1
617,504.5,445.9,27.458,0.046,0.042,0.116,1.0,1
206,377.6,484.0,27.467,0.047,0.451,0.089,1.0,1
613,503.2,343.3,27.468,0.047,0.939,0.068,1.0,1
248,391.5,277.5,27.476,0.047,1.184,0.062,1.0,1
786,584.0,367.9,27.489,0.048,0.765,0.075,1.0,1
94,329.5,532.4,27.49,0.048,0.643,0.082,1.0,1
696,538.6,305.1,27.49,0.048,1.072,0.065,1.0,1
138,351.7,388.6,27.495,0.047,0.303,0.099,1.0,1
736,556.6,345.5,27.496,0.048,0.262,0.105,1.0,1
777,581.6,542.3,27.497,0.047,-0.261,0.151,1.0,1
35,299.6,540.3,27.5,0.048,1.114,0.065,1.0,1
353,423.7,328.4,27.503,0.048,0.953,0.069,1.0,1
644,514.4,505.5,27.503,0.05,0.711,0.081,1.0,1
125,344.1,409.8,27.504,0.048,0.134,0.113,1.0,1
115,337.9,521.3,27.509,0.048,-0.037,0.129,1.0,1
665,521.5,383.7,27.51,0.05,0.843,0.076,1.0,1
171,366.4,455.3,27.516,0.049,1.045,0.068,1.0,1
703,540.5,503.3,27.522,0.049,0.737,0.078,1.0,1
574,489.4,489.3,27.532,0.05,0.543,0.09,1.0,1
667,522.2,329.5,27.532,0.049,0.195,0.11,1.0,1
145,354.2,285.4,27.557,0.049,-0.059,0.135,1.0,1
121,340.4,299.4,27.562,0.05,0.418,0.098,1.0,1
551,481.0,489.1,27.562,0.05,-0.116,0.143,1.0,1
331,417.5,298.3,27.563,0.051,0.926,0.074,1.0,1
64,316.6,272.5,27.566,0.052,0.774,0.082,1.0,1
201,377.3,360.3,27.575,0.052,0.842,0.079,1.0,1
114,337.8,369.1,27.577,0.052,0.435,0.099,1.0,1
119,339.9,406.6,27.585,0.052,0.823,0.079,1.0,1
395,435.4,318.3,27.591,0.057,0.953,0.081,1.0,1
656,519.4,492.1,27.598,0.053,0.555,0.093,1.0,1
570,487.8,384.5,27.601,0.053,0.728,0.085,1.0,1
702,540.5,499.8,27.607,0.053,0.062,0.131,1.0,1
111,336.8,313.4,27.61,0.053,0.933,0.076,1.0,1
139,352.0,527.7,27.61,0.053,0.053,0.133,1.0,1
60,314.5,376.7,27.611,0.053,0.823,0.082,1.0,1
509,466.3,340.4,27.618,0.054,0.762,0.085,1.0,1
580,491.5,496.4,27.628,0.055,0.621,0.095,1.0,1
47,306.1,426.1,27.633,0.053,0.076,0.131,1.0,1
165,364.5,533.4,27.633,0.057,1.098,0.077,1.0,1
380,430.9,293.7,27.633,0.054,0.479,0.101,1.0,1
672,523.8,283.9,27.633,0.055,0.776,0.085,1.0,1
597,499.2,332.9,27.645,0.055,0.848,0.083,1.0,1
730,554.1,516.2,27.648,0.055,0.404,0.107,1.0,1
11,288.5,522.8,27.649,0.056,0.607,0.095,1.0,1
255,393.4,335.3,27.649,0.055,0.355,0.111,1.0,1
134,350.1,386.0,27.654,0.055,0.618,0.094,1.0,1
314,412.2,331.2,27.657,0.054,0.213,0.123,1.0,1
602,500.5,301.5,27.664,0.056,1.09,0.076,1.0,1
686,530.4,408.0,27.673,0.056,0.165,0.13,1.0,1
629,507.8,413.8,27.675,0.056,0.237,0.124,1.0,1
132,348.6,476.5,27.681,0.057,0.478,0.106,1.0,1
354,423.8,375.4,27.682,0.056,1.469,0.067,1.0,1
717,545.9,360.9,27.684,0.058,0.84,0.087,1.0,1
397,435.4,358.2,27.688,0.057,1.179,0.075,1.0,1
753,565.6,413.3,27.69,0.058,0.578,0.1,1.0,1
58,312.2,370.0,27.692,0.058,0.95,0.083,1.0,1
191,373.4,512.8,27.695,0.057,0.492,0.107,1.0,1
170,366.0,295.4,27.701,0.058,0.932,0.083,1.0,1
328,416.4,306.7,27.702,0.057,1.428,0.069,1.0,1
86,324.6,425.4,27.708,0.058,0.313,0.12,1.0,1
29,298.4,376.5,27.713,0.06,1.468,0.072,1.0,1
235,387.0,481.3,27.713,0.058,0.547,0.104,1.0,1
553,481.6,511.4,27.714,0.058,0.035,0.147,1.0,1
90,327.6,358.4,27.716,0.058,0.173,0.135,1.0,1
774,581.1,483.6,27.735,0.06,0.715,0.097,1.0,1
72,319.0,436.9,27.737,0.059,0.574,0.105,1.0,1
620,505.6,371.7,27.74,0.059,0.118,0.141,1.0,1
519,470.0,343.6,27.742,0.06,0.749,0.095,1.0,1
733,554.3,531.7,27.749,0.061,0.822,0.093,1.0,1
21,295.3,485.8,27.751,0.059,0.098,0.145,1.0,1
584,493.8,481.0,27.764,0.061,0.681,0.101,1.0,1
650,517.4,276.6,27.765,0.064,1.022,0.088,1.0,1
583,492.2,306.3,27.766,0.061,0.584,0.106,1.0,1
28,298.0,486.8,27.778,0.061,0.035,0.155,1.0,1
720,547.8,519.3,27.778,0.063,0.704,0.102,1.0,1
670,523.1,426.5,27.781,0.062,0.558,0.11,1.0,1
642,513.3,413.0,27.783,0.063,1.13,0.084,1.0,1
649,517.2,309.9,27.785,0.062,0.847,0.094,1.0,1
19,295.2,294.1,27.792,0.063,0.764,0.099,1.0,1
149,356.8,542.5,27.795,0.064,0.666,0.106,1.0,1
153,360.4,406.8,27.795,0.063,1.26,0.08,1.0,1
687,531.8,289.2,27.796,0.063,1.095,0.086,1.0,1
772,579.5,364.1,27.803,0.063,1.061,0.086,1.0,1
135,350.8,331.0,27.812,0.063,0.306,0.133,1.0,1
544,478.6,403.3,27.816,0.063,0.299,0.133,1.0,1
152,358.9,280.8,27.821,0.063,0.2,0.142,1.0,1
478,458.1,347.1,27.821,0.064,0.41,0.125,1.0,1
378,430.6,307.3,27.822,0.063,0.528,0.115,1.0,1
494,461.7,358.2,27.822,0.065,0.804,0.1,1.0,1
525,472.1,346.6,27.824,0.065,1.113,0.087,1.0,1
104,333.3,343.3,27.826,0.065,0.888,0.096,1.0,1
74,320.5,443.8,27.831,0.065,1.046,0.09,1.0,1
241,387.9,312.5,27.834,0.064,0.321,0.132,1.0,1
615,504.1,408.9,27.835,0.066,0.693,0.108,1.0,1
49,308.6,319.0,27.84,0.065,0.336,0.134,1.0,1
41,303.6,383.4,27.844,0.066,1.107,0.089,1.0,1
526,472.2,370.0,27.847,0.066,0.692,0.108,1.0,1
757,570.2,280.0,27.851,0.067,0.855,0.1,1.0,1
768,576.6,404.2,27.853,0.068,0.775,0.105,1.0,1
744,562.5,515.9,27.855,0.067,1.049,0.092,1.0,1
99,331.3,305.9,27.86,0.067,0.822,0.103,1.0,1
100,331.3,450.6,27.861,0.067,1.263,0.085,1.0,1
793,587.4,299.4,27.877,0.069,0.948,0.099,1.0,1
122,341.1,325.2,27.887,0.069,0.41,0.133,1.0,1
535,474.7,292.1,27.895,0.069,0.687,0.113,1.0,1
244,389.5,321.4,27.907,0.07,0.803,0.108,1.0,1
785,583.3,461.1,27.91,0.07,0.276,0.149,1.0,1
22,295.6,329.4,27.916,0.07,0.866,0.105,1.0,1
177,368.0,375.6,27.929,0.07,1.796,0.078,1.0,1
80,322.5,423.5,27.932,0.072,1.188,0.094,1.0,1
337,419.4,307.1,27.934,0.071,0.858,0.107,1.0,1
286,404.9,325.6,27.936,0.071,0.724,0.114,1.0,1
3,282.8,415.2,27.938,0.073,0.597,0.125,1.0,1
107,334.6,482.7,27.944,0.072,0.457,0.137,1.0,1
9,286.6,474.1,27.947,0.073,0.715,0.117,1.0,1
33,299.1,464.4,27.948,0.074,1.09,0.1,1.0,1
223,383.0,532.8,27.948,0.073,0.464,0.137,1.0,1
50,308.6,359.4,27.957,0.072,0.341,0.149,1.0,1
81,323.0,276.6,27.961,0.072,0.237,0.158,1.0,1
195,375.3,381.7,27.969,0.074,0.399,0.144,1.0,1
622,505.6,540.7,27.969,0.074,0.952,0.107,1.0,1
606,502.2,314.4,27.97,0.072,2.039,0.077,1.0,1
190,373.1,283.1,27.978,0.074,0.487,0.136,1.0,1
370,428.3,277.5,27.979,0.073,1.733,0.082,1.0,1
790,587.1,284.3,27.985,0.074,1.056,0.102,1.0,1
467,455.8,317.8,27.986,0.073,0.255,0.16,1.0,1
563,484.0,312.5,27.988,0.074,0.408,0.145,1.0,1
616,504.4,311.1,27.989,0.075,1.465,0.09,1.0,1
614,503.8,333.7,27.991,0.075,0.943,0.108,1.0,1
468,455.8,341.2,27.992,0.075,0.56,0.132,1.0,1
599,499.8,363.7,27.992,0.075,0.746,0.119,1.0,1
659,520.5,391.3,27.999,0.076,0.323,0.156,1.0,1
184,371.2,497.8,28.014,0.076,0.439,0.147,1.0,1
185,371.4,470.2,28.019,0.076,1.496,0.09,1.0,1
34,299.3,318.6,28.029,0.078,0.464,0.147,1.0,1
189,372.7,541.4,28.03,0.078,0.99,0.11,1.0,1
308,410.9,525.3,28.032,0.078,0.482,0.146,1.0,1
239,387.5,511.4,28.041,0.08,0.787,0.124,1.0,1
759,572.7,468.7,28.041,0.08,1.723,0.09,1.0,1
254,393.4,286.1,28.044,0.077,0.355,0.157,1.0,1
732,554.3,413.1,28.044,0.079,1.3,0.099,1.0,1
666,521.7,466.3,28.05,0.08,1.369,0.098,1.0,1
694,537.5,487.0,28.056,0.081,0.702,0.131,1.0,1
408,437.8,305.4,28.064,0.08,0.643,0.136,1.0,1
731,554.2,336.2,28.073,0.08,1.701,0.091,1.0,1
653,517.5,535.5,28.079,0.082,1.715,0.093,1.0,1
690,534.1,507.5,28.087,0.084,1.033,0.116,1.0,1
15,290.2,402.8,28.107,0.085,1.064,0.117,1.0,1
205,377.5,545.3,28.111,0.084,0.611,0.145,1.0,1
96,330.2,407.5,28.113,0.084,0.855,0.127,1.0,1
682,529.2,333.6,28.115,0.083,1.535,0.097,1.0,1
603,501.9,464.6,28.118,0.086,1.179,0.112,1.0,1
112,337.3,303.9,28.121,0.083,0.678,0.138,1.0,1
705,541.7,373.5,28.134,0.086,1.386,0.105,1.0,1
97,330.6,269.2,28.146,0.086,0.417,0.167,1.0,1
775,581.4,512.9,28.151,0.086,1.693,0.098,1.0,1
5,283.5,545.5,28.155,0.087,1.251,0.112,1.0,1
14,289.9,435.9,28.157,0.088,1.167,0.116,1.0,1
689,532.4,398.9,28.164,0.087,0.538,0.158,1.0,1
137,351.6,416.0,28.165,0.088,1.18,0.115,1.0,1
609,502.4,323.9,28.165,0.089,0.975,0.126,1.0,1
20,295.2,507.6,28.169,0.081,2.973,0.083,1.0,1
646,515.1,547.2,28.175,0.089,0.507,0.163,1.0,1
760,573.7,308.5,28.176,0.088,0.698,0.145,1.0,1
42,304.2,420.5,28.179,0.088,1.305,0.111,1.0,1
63,316.2,422.5,28.181,0.089,0.919,0.131,1.0,1
675,524.5,466.8,28.194,0.091,0.818,0.14,1.0,1
708,543.1,518.9,28.213,0.092,0.782,0.145,1.0,1
27,297.6,342.1,28.216,0.093,0.917,0.136,1.0,1
30,298.4,522.4,28.217,0.092,0.404,0.181,1.0,1
411,438.3,328.6,28.225,0.093,1.693,0.106,1.0,1
69,318.0,431.8,28.232,0.094,0.614,0.162,1.0,1
73,319.7,509.9,28.254,0.096,0.525,0.173,1.0,1
450,450.6,322.0,28.256,0.094,1.447,0.113,1.0,1
704,541.5,434.4,28.256,0.098,0.868,0.147,1.0,1
40,303.6,375.5,28.261,0.097,0.917,0.141,1.0,1
31,298.7,327.5,28.264,0.095,1.508,0.112,1.0,1
17,292.6,546.2,28.267,0.097,1.492,0.115,1.0,1
174,366.7,448.1,28.272,0.098,0.993,0.138,1.0,1
740,559.8,338.7,28.273,0.095,1.511,0.113,1.0,1
735,556.4,518.4,28.278,0.098,0.665,0.164,1.0,1
749,564.0,376.5,28.28,0.099,1.112,0.132,1.0,1
218,381.9,468.3,28.285,0.097,1.274,0.123,1.0,1
95,330.0,283.6,28.298,0.099,1.435,0.119,1.0,1
59,313.6,342.2,28.315,0.102,0.701,0.166,1.0,1
679,525.8,316.1,28.321,0.102,1.346,0.125,1.0,1
781,582.1,277.8,28.326,0.102,1.534,0.119,1.0,1
787,584.3,362.6,28.327,0.1,1.708,0.113,1.0,1
762,574.2,430.4,28.336,0.102,1.649,0.117,1.0,1
8,285.2,504.0,28.353,0.105,1.087,0.142,1.0,1
71,319.0,360.2,28.355,0.105,1.132,0.14,1.0,1
312,411.9,539.1,28.36,0.105,1.71,0.119,1.0,1
764,575.2,485.8,28.36,0.106,1.358,0.13,1.0,1
23,296.5,546.6,28.361,0.104,1.907,0.114,1.0,1
269,398.1,320.7,28.368,0.105,1.287,0.133,1.0,1
652,517.5,301.6,28.372,0.106,1.443,0.127,1.0,1
38,302.3,396.4,28.383,0.108,1.03,0.15,1.0,1
457,453.1,548.0,28.388,0.11,1.182,0.144,1.0,1
227,384.5,332.2,28.398,0.109,1.053,0.15,1.0,1
716,545.3,293.5,28.419,0.112,1.098,0.151,1.0,1
680,527.3,466.9,28.422,0.113,1.179,0.148,1.0,1
627,507.3,309.4,28.434,0.114,1.127,0.152,1.0,1
752,565.5,290.6,28.439,0.112,0.85,0.169,1.0,1
105,334.4,273.4,28.448,0.113,1.698,0.127,1.0,1
676,524.8,286.5,28.451,0.114,0.912,0.167,1.0,1
685,529.5,345.6,28.452,0.114,1.661,0.13,1.0,1
516,469.4,306.5,28.467,0.116,1.044,0.159,1.0,1
169,365.9,488.6,28.474,0.114,1.798,0.127,1.0,1
711,543.8,496.0,28.535,0.123,1.699,0.139,1.0,1
