Reg      ID      X(")        Y(")          LogAge      [Fe/H]VI     logg          E(B-V)       RA(deg)    Dec(deg)       V            eV           VI           eVI   
8         14    -21.56000     95.99800     10.19857     -1.65608      0.43176      0.03549      0.48588    -15.43417     22.36738      0.00899      1.33522      0.00528
8         20    -42.25200    -24.65900     10.19787     -1.90646      0.25421      0.03807      0.47992    -15.46769     22.40530      0.00322      1.45867      0.00359
7        36     110.47300      -0.92808      10.30000      -1.65419       0.43852       0.03800       0.46056     -15.46363      22.92000       0.14000       1.42000       0.16125
7        67     102.23900     100.74100      10.30000      -1.65740       0.35792       0.05571       0.46285     -15.49187      22.78000       0.11000       1.47000       0.12530
8         73    -23.48000     95.00000     10.25000     -3.51877      0.83406      0.03549      0.48533    -15.43444     22.56725      0.00457      1.16997      0.00055
8         74    -64.77200     18.50000     10.17417     -1.16439      0.43814      0.03646      0.47342    -15.45569     22.58284      0.00189      1.45384      0.00197
7        80      98.96650      82.85330      10.25000      -1.65653       0.28534       0.04490       0.46376     -15.48690      22.52000       0.08000       1.46000       0.09434
7        88      97.97830      56.52970      10.20000      -1.65468       0.14291       0.03800       0.46403     -15.47959      22.78000       0.13000       1.62000       0.13928
7        94      97.27130       1.72476      10.15000      -1.48894       0.58582       0.03800       0.46423     -15.46437      22.73000       0.15000       1.43000       0.16156
8         96    -67.48500    -13.45300     10.24878     -1.49980      0.44183      0.03780      0.47263    -15.46456     22.65722      0.00402      1.52876      0.00435
7        98      96.81080      -0.66060      10.20000      -3.00656       0.94088       0.03800       0.46436     -15.46371      22.81000       0.12000       1.18000       0.15000
7       120      93.48370     -29.19100      10.25000      -1.49934       0.58633       0.03800       0.46528     -15.45578      22.78000       0.13000       1.43000       0.15264
8        135    -74.00000      3.15400     10.24857     -2.50261      0.80965      0.03780      0.47075    -15.45994     22.75723      0.00278      1.27214      0.01339
8        137    -27.41400     25.54800     10.15168     -1.98597      0.76483      0.03721      0.48417    -15.45375     22.76139      0.02595      1.31969      0.00527
8        162      4.23300   -100.54800     10.28188     -1.64368      0.32523      0.03768      0.49329    -15.48875     22.85088      0.01602      1.50788      0.02358
8        174    -68.38800    -43.89900     10.19703     -1.74326      0.78874      0.04780      0.47238    -15.47303     22.93387      0.00176      1.33011      0.00147
8        177     24.26500    -29.08900     10.24455     -1.66283      0.46992      0.03807      0.49908    -15.46892     22.94440      0.01670      1.43250      0.02609
8        178    -48.01500      9.47900     10.23491     -1.65016      0.47005      0.03807      0.47825    -15.45819     22.94801      0.00013      1.43108      0.00122
7       184      87.88750      31.67350      10.20000      -1.24098       0.25474       0.13780       0.46684     -15.47269      22.87000       0.17000       1.76000       0.18028
8        184    -46.37300     26.29400     10.24729     -1.25078      0.64687      0.03721      0.47871    -15.45353     22.98096      0.01332      1.42382      0.01510
8        187    -37.01600    -21.28300     10.24397     -1.24892      0.68611      0.03807      0.48142    -15.46675     23.00729      0.00914      1.38265      0.01734
7       200      86.49400     -36.50760      10.15000      -1.90471       0.47394       0.03800       0.46722     -15.45375      22.78000       0.13000       1.41000       0.15264
7       206      86.38310     -80.00530      10.20000      -1.49366       0.08605       0.03800       0.46725     -15.44167      22.24000       0.07000       1.73000       0.08062
7       230      85.01760      21.16690      10.30000      -0.99709       0.82543       0.13780       0.46763     -15.46977      22.98000       0.15000       1.23000       0.19849
7       270      82.83020    -102.14500      10.15000      -1.65590       0.41304       0.03800       0.46824     -15.43552      22.69000       0.11000       1.43000       0.12530
7       273      82.44540     117.09500      10.15000      -1.99517       0.93040       0.03800       0.46835     -15.49642      22.97000       0.10000       1.24000       0.12806
7       296      81.25600    -111.30400      10.20000      -1.74752       0.67400       0.03800       0.46868     -15.43297      22.81000       0.13000       1.40000       0.15811
7       330      79.48940     -72.00220      10.25000      -1.65653       0.47628       0.05641       0.46917     -15.44389      22.78000       0.11000       1.40000       0.12530
7       331      79.48580     -63.29120      10.20000      -1.24129       0.49180       0.05641       0.46917     -15.44631      22.85000       0.11000       1.52000       0.12083
7       508      72.56590      73.30280      10.15000      -1.65551       0.18531       0.03800       0.47109     -15.48425      22.55000       0.08000       1.55000       0.08944
7       586      70.57190     -35.93050      10.30000      -1.65390       0.49195       0.03800       0.47165     -15.45391      22.91000       0.12000       1.38000       0.13892
7       713      66.75910      45.54500      10.20000      -1.24270       0.30428       0.03800       0.47271     -15.47654      22.67000       0.08000       1.65000       0.08944
7       794      64.53790     -86.21820      10.15000      -1.16080       0.30479       0.03800       0.47332     -15.43994      22.62000       0.09000       1.60000       0.10296
7       938      60.87600      79.66440      10.20000      -1.15566       0.43064       0.03800       0.47434     -15.48602      22.62000       0.07000       1.45000       0.08602
7       940      60.74210     -59.51120      10.15000      -1.21198       0.39015       0.03800       0.47438     -15.44736      22.68000       0.08000       1.56000       0.09434
7      1214      54.27610      13.84090      10.30000      -1.15697       0.59288       0.03800       0.47617     -15.46773      22.65000       0.08000       1.29000       0.10000
7      1228      53.98200      32.01980      10.15000      -1.65507      -0.27033       0.03800       0.47625     -15.47278      22.40000       0.07000       1.86000       0.07616
7      1293      52.81310    -102.63200      10.25000      -1.90759       0.58462       0.03800       0.47658     -15.43538      22.87000       0.16000       1.48000       0.17464
7      1346      51.56890     110.90800      10.25000      -1.75301       0.55564       0.11571       0.47693     -15.49470      22.93000       0.08000       1.55000       0.09434
7      1428      49.87220      54.49970      10.30000      -1.40374       0.21617       0.03800       0.47740     -15.47903      22.04000       0.07000       1.33000       0.08602
7      1596      46.41120     -44.26740      10.20000      -1.90374       0.19643       0.03800       0.47836     -15.45159      22.88000       0.08000       1.60000       0.09434
7      1711      43.55280     -71.83370      10.25000      -1.65544       0.33976       0.03800       0.47915     -15.44394      22.79000       0.10000       1.46000       0.11662
7      1714      43.40840     102.44500      10.20000      -1.49443       0.74068       0.03800       0.47919     -15.49235      22.95000       0.01000       1.36000       0.01414
7      1919      39.44090     -64.70060      10.25000      -1.49836       0.74077       0.03800       0.48029     -15.44592      22.99000       0.12000       1.35000       0.13892
7      2003      37.88930     -79.87320      10.20000      -1.49366       0.36609       0.03800       0.48073     -15.44170      22.50000       0.08000       1.55000       0.09434
7      2055      36.87520      16.52260      10.25000      -1.24565      -0.06061       0.03800       0.48101     -15.46848      22.29000       0.06000       1.83000       0.06708
7      2191      34.26620     -96.67940      10.20000      -1.99873       0.84430       0.03800       0.48173     -15.43703      22.90000       0.15000       1.28000       0.17000
7      2238      33.49080      21.40130      10.30000      -1.25099       0.47843       0.03800       0.48195     -15.46983      22.79000       0.08000       1.47000       0.09434
7      2320      31.89200      27.12020      10.15000      -1.65401       0.13148       0.03800       0.48239     -15.47142      22.79000       0.12000       1.64000       0.13000
7      2333      31.61230      46.86340      10.25000      -0.99332       0.37396       0.03800       0.48247     -15.47691      22.93000       0.15000       1.64000       0.16553
7      2347      31.45860     -76.26170      10.30000      -1.65571       0.31743       0.03800       0.48251     -15.44271      22.86000       0.10000       1.51000       0.11662
7      2548      28.13150      14.47670      10.30000      -1.49407       0.57976       0.03800       0.48344     -15.46791      22.80000       0.08000       1.43000       0.10000
7      2616      26.84920       0.51012      10.25000      -1.24612       0.59012       0.03800       0.48379     -15.46403      22.90000       0.09000       1.43000       0.10296
7      2661      26.21340      10.58080      10.30000      -1.25116       0.47077       0.03800       0.48397     -15.46683      22.81000       0.08000       1.51000       0.09434
7      2707      25.44010     -36.54430      10.25000      -1.49952       0.73946       0.03800       0.48418     -15.45374      22.96000       0.09000       1.36000       0.10817
7      2811      23.79170      18.40140      10.15000      -1.74021       0.60697       0.03800       0.48464     -15.46900      22.64000       0.08000       1.41000       0.09434
7      2998      21.24720    -106.00300      10.25000      -3.51421       0.87589       0.03800       0.48535     -15.43444      22.65000       0.15000       1.16000       0.17493
7      3033      20.61000     -69.21250      10.25000      -1.49841       0.69954       0.04768       0.48553     -15.44466      22.95000       0.10000       1.38000       0.12207
7      3039      20.51820      -4.37724      10.25000      -1.24612       0.59012       0.03800       0.48555     -15.46267      22.90000       0.11000       1.43000       0.12083
7      3047      20.40160     112.12400      10.25000      -0.73864       0.45008       0.11571       0.48558     -15.49503      22.39000       0.08000       1.34000       0.09434
7      3190      18.42480     -32.86800      10.15000      -1.74026       0.79771       0.03800       0.48613     -15.45476      22.91000       0.09000       1.32000       0.10817
7      3229      17.72890     -87.87460      10.15000      -1.74021       0.50528       0.03800       0.48633     -15.43948      22.51000       0.09000       1.46000       0.10296
7      3409      13.53670     122.91300      10.15000      -1.40409       0.39227       0.03800       0.48749     -15.49803      22.90000       0.11000       1.47000       0.12530
7      3492      11.68630      -6.60816      10.25000      -1.90460       0.22168       0.03800       0.48800     -15.46205      22.74000       0.10000       1.51000       0.11180
7      3633       8.28720     -31.46510      10.15000      -1.40598       0.67085       0.03800       0.48895     -15.45515      22.99000       0.09000       1.43000       0.10817
7      3679       7.08084     -27.49720      10.25000      -1.90461       0.37563       0.03800       0.48928     -15.45625      22.98000       0.09000       1.48000       0.11402
7      3726       6.29928     166.70700      10.30000      -4.02648       0.97410       0.03800       0.48950     -15.51020      22.79000       0.09000       1.10000       0.11402
7      3754       5.56632     -31.13960      10.30000      -1.15697       0.49761       0.03800       0.48970     -15.45524      22.52000       0.06000       1.27000       0.07810
7      4019      -0.54000      27.24700      10.20000      -1.49366       0.50332       0.03800       0.49140     -15.47146      22.65000       0.11000       1.47000       0.13038
7      4045      -0.96300     184.52699      10.25000      -1.24611       0.34244       0.03800       0.49152     -15.51515      22.65000       0.08000       1.57000       0.09434
7      4073      -1.50732     -15.70140      10.30000      -1.75769       0.75050       0.03800       0.49167     -15.45953      22.90000       0.09000       1.33000       0.11402
7      4118      -2.70972      99.44930      10.30000      -1.65742       0.19577       0.03800       0.49200     -15.49151      22.58000       0.10000       1.52000       0.11662
7      4379      -8.27496       3.60252      10.20000      -1.24147       0.27297       0.03800       0.49355     -15.46489      22.57000       0.08000       1.63000       0.08944
7      4388      -8.46180      95.83700      10.15000      -1.48958       0.67236       0.03800       0.49360     -15.49051      22.82000       0.13000       1.39000       0.15264
7      4448     -10.08680      85.90140      10.20000      -1.15566      -0.01773       0.03800       0.49405     -15.48775      22.39000       0.12000       1.81000       0.13000
7      4550     -12.06940      85.39880      10.30000      -1.40903       0.43916       0.03800       0.49460     -15.48761      22.55000       0.10000       1.35000       0.11180
7      4698     -14.97240     -49.29590      10.20000      -1.90615       0.49292       0.03800       0.49541     -15.45020      22.67000       0.20000       1.36000       0.22361
7      4722     -15.46990     -46.28700      10.15000      -1.40409       0.26890       0.03800       0.49555     -15.45103      22.78000       0.22000       1.52000       0.24597
7      4824     -17.82290       6.97356      10.25000      -1.65653       0.55110       0.03800       0.49620     -15.46583      22.98000       0.12000       1.53000       0.13416
7      4872     -18.88490     -16.73100      10.20000      -1.49444       0.68007       0.03800       0.49650     -15.45924      22.87000       0.16000       1.39000       0.17088
7      4912     -19.76580      81.28300      10.20000      -1.40445       0.11681       0.03800       0.49674     -15.48647      22.69000       0.10000       1.58000       0.11180
7      4916     -19.82300      81.33840      10.20000      -1.90615       0.38629       0.03800       0.49676     -15.48648      22.58000       0.21000       1.41000       0.23259
7      4934     -20.32810      19.17070      10.25000      -1.49842       0.07475       0.03800       0.49690     -15.46921      22.25000       0.07000       1.73000       0.08062
7      5027     -22.61700     -31.65440      10.15000      -1.40409       0.17367       0.05807       0.49753     -15.45510      22.76000       0.08000       1.61000       0.08944
7      5092     -24.39180      12.05570      10.15000      -1.74021       0.58131       0.03800       0.49803     -15.46724      22.61000       0.09000       1.42000       0.10296
7      5212     -27.17640      -4.17708      10.15000      -1.90471       0.48197       0.03800       0.49880     -15.46273      22.76000       0.09000       1.39000       0.10817
7      5268     -28.37560      93.51430      10.30000      -1.65390       0.36346       0.03800       0.49913     -15.48987      22.77000       0.12000       1.43000       0.13416
7      5321     -29.72120     165.93100      10.20000      -1.18709       0.24932       0.06549       0.49951     -15.50998      22.67000       0.11000       1.66000       0.12083
7      5339     -30.25370     116.01100      10.25000      -1.90759       0.66697       0.03800       0.49965     -15.49611      22.97000       0.09000       1.44000       0.10817
7      5401     -31.28110      19.53320      10.30000      -2.51663       0.81746       0.03800       0.49994     -15.46931      22.80000       0.12000       1.27000       0.14422
7      5494     -33.32590     167.53400      10.30000      -1.40874       0.45071       0.06549       0.50051     -15.51043      22.64000       0.13000       1.38000       0.14318
7      5515     -33.64240      10.30540      10.20000      -3.00750       1.02834       0.03800       0.50060     -15.46675      22.96000       0.12000       1.15000       0.16971
7      5549     -34.39730     -17.91320      10.25000      -1.24612       0.66782       0.03800       0.50080     -15.45891      22.99000       0.10000       1.39000       0.11662
7      5588     -35.29300      14.20490      10.20000      -0.98907       0.43603       0.03800       0.50105     -15.46783      22.94000       0.12000       1.60000       0.13416
7      5668     -37.13080     183.45399      10.20000      -1.99873       0.84430       0.03800       0.50156     -15.51485      22.90000       0.14000       1.28000       0.16643
7      5761     -38.91310     115.26700      10.30000      -0.74408       0.84972       0.03800       0.50206     -15.49591      22.44000       0.06000       1.01000       0.07810
7      5807     -39.61910     -31.58210      10.20000      -2.50376       0.93383       0.05149       0.50226     -15.45512      22.93000       0.09000       1.22000       0.11402
7      5830     -40.19830      25.72850      10.25000      -1.90461       0.19563       0.03800       0.50242     -15.47104      22.85000       0.16000       1.57000       0.17088
7      5870     -41.17460     132.03600      10.20000      -1.99873       0.84430       0.03800       0.50269     -15.50057      22.90000       0.12000       1.28000       0.13416
7      5875     -41.24590     150.25999      10.30000      -1.25100       0.27096       0.05549       0.50271     -15.50563      22.68000       0.12000       1.65000       0.13000
7      6044     -45.03960     -27.15840      10.20000      -1.90374       0.36526       0.03800       0.50376     -15.45634      22.99000       0.10000       1.49000       0.11662
7      6093     -46.20170      53.15650      10.20000      -0.98895       0.30550       0.03800       0.50408     -15.47865      22.89000       0.11000       1.71000       0.12083
7      6191     -48.37140     -26.99530      10.15000      -1.40409       0.36808       0.05807       0.50469     -15.45639      22.90000       0.09000       1.48000       0.10817
7      6227     -49.31960      48.13740      10.20000      -1.90615       0.49845       0.03800       0.50495     -15.47726      22.68000       0.08000       1.36000       0.10000
7      6229     -49.41360      19.78310      10.25000      -1.90461       0.19563       0.03800       0.50498     -15.46938      22.85000       0.14000       1.57000       0.15653
7      6297     -50.96770      32.55880      10.25000      -4.03000       1.03411       0.03800       0.50541     -15.47293      22.87000       0.24000       1.09000       0.26000
7      6537     -57.45890     108.50500      10.25000      -1.90759       0.45568       0.03800       0.50721     -15.49403      22.53000       0.07000       1.34000       0.08602
7      6555     -57.94600     133.41701      10.20000      -1.15566       0.46062       0.03800       0.50735     -15.50095      22.67000       0.08000       1.44000       0.09434
7      6645     -61.82140     138.06300      10.20000      -1.49367       0.72925       0.03800       0.50842     -15.50224      22.93000       0.14000       1.36000       0.15232
7      6758     -68.92560     103.75600      10.15000      -2.49828       0.87287       0.03800       0.51040     -15.49271      22.79000       0.09000       1.25000       0.10817
7      6812     -73.07820      47.93040      10.30000      -1.25097       0.40346       0.03800       0.51155     -15.47720      22.73000       0.09000       1.52000       0.10296
7      7025     -98.23140      87.18010      10.15000      -1.40409       0.16591       0.03800       0.51854     -15.48811      22.69000       0.12000       1.57000       0.13416
6      8626    -999.28802    -627.23798      10.30000      -3.01984       0.79603       0.02964       0.20383     -15.63489      22.59900       0.01400       1.20900       0.01600
6     10386    -931.09399    -601.41101      10.15000      -1.40409       0.37847       0.02962       0.22350     -15.62772      22.80800       0.00700       1.43500       0.01000
6     15814    -744.53302     508.00400      10.15000      -1.99661       0.56105       0.03370       0.27767     -15.31961      22.48700       0.01400       1.42500       0.01600
6     21225    -582.85101     768.29303      10.30000      -4.02648       0.97410       0.03263       0.32429     -15.24736      22.77300       0.00600       1.09700       0.01800
6     27564    -410.23801    -225.05800      10.30000      -1.74202       0.87535       0.03449       0.37383     -15.52330      23.08100       0.00800       1.27100       0.01200
6     28240    -392.95099    -293.10800      10.25000      -1.75186       0.91400       0.03410       0.37879     -15.54222      23.09100       0.00700       1.25600       0.00900
6     33444    -267.95200     -28.23100      10.20000      -1.49364       0.73218       0.03506       0.41488     -15.46867      22.99600       0.00500       1.37400       0.00800
6     33657    -263.58600     -18.70100      10.25000      -1.49843       0.65602       0.03506       0.41612     -15.46603      22.85300       0.00500       1.38400       0.00700
6     33749    -261.73801     157.63400      10.25000      -1.49934       0.58633       0.03333       0.41667     -15.41703      22.76600       0.00700       1.42300       0.00900
6     34902    -239.69200     177.48399      10.30000      -1.50456       0.70817       0.03303       0.42300     -15.41153      22.92700       0.00900       1.35800       0.01100
6     36047    -220.46100     465.50299      10.25000      -1.24612       0.62911       0.03175       0.42858     -15.33153      22.92300       0.00600       1.40200       0.00800
6     36463    -213.67300    -135.71700      10.20000      -1.49364       0.65356       0.03632       0.43050     -15.49853      22.82600       0.00600       1.38900       0.00900
6     37164    -202.74200     287.98999      10.15000      -1.48894       0.53015       0.03260       0.43367     -15.38083      22.64500       0.00700       1.45100       0.00800
6     37539    -197.80200     280.54901      10.20000      -1.49367       0.85503       0.03260       0.43508     -15.38289      23.09000       0.00600       1.30000       0.01000
6     38295    -186.92000      35.47400      10.15000      -1.40409       0.34734       0.03537       0.43821     -15.45097      22.80900       0.00800       1.46000       0.00900
6     39052    -176.19800     115.46300      10.15000      -1.74021       0.59089       0.03457       0.44129     -15.42875      22.61000       0.00500       1.41500       0.00800
6     39142    -175.14500      23.23600      10.15000      -1.74072       0.85694       0.03537       0.44163     -15.45436      22.97000       0.00500       1.29400       0.00800
6     39714    -167.31400    -112.45700      10.15000      -1.48894       0.72550       0.03711       0.44388     -15.49206      22.89800       0.00800       1.36500       0.01000
6     40481    -158.62801    -220.70100      10.25000      -1.73739       0.69600       0.03548       0.44633     -15.52214      22.82000       0.00700       1.35900       0.00900
6     40519    -158.27299     -19.29500      10.15000      -0.98430       0.30450       0.16690       0.44646     -15.46619      22.43100       0.00500       1.49700       0.00600
6     40930    -153.94000      34.59600      10.25000      -1.24612       0.68160       0.03537       0.44771     -15.45122      23.02200       0.00900       1.38800       0.01000
6     40968    -153.52499     -78.79500      10.15000      -1.23646       0.30827       0.03711       0.44783     -15.48272      22.58900       0.00700       1.61800       0.00900
6     41834    -145.31599     137.85001      10.15000      -1.90471       0.48197       0.03457       0.45021     -15.42253      22.75100       0.00600       1.38700       0.00900
6     41990    -143.88699      91.72600      10.20000      -1.49369       0.74516       0.03646       0.45063     -15.43536      22.94600       0.00400       1.34800       0.00600
6     42598    -138.38800      49.48300      10.30000      -1.50456       0.70817       0.03646       0.45221     -15.44708      22.93700       0.00600       1.36300       0.01000
6     43212    -132.86400      25.71300      10.15000      -1.90495       0.23477       0.03646       0.45379     -15.45369      22.46500       0.00800       1.49300       0.01000
6     43245    -132.55800     -14.63800      10.30000      -1.50469       0.69403       0.03780       0.45388     -15.46489      22.93100       0.00600       1.37100       0.00800
6     43287    -132.14101     -64.46500      10.25000      -1.65653       0.39243       0.03744       0.45400     -15.47875      22.60600       0.00400       1.40800       0.00700
6     43376    -131.50500     478.34698      10.25000      -1.75304       0.63027       0.03145       0.45421     -15.32794      22.76200       0.00500       1.41200       0.00600
6     43557    -130.07201     171.75900      10.15000      -1.74023       0.73884       0.03366       0.45463     -15.41311      22.79900       0.00400       1.33500       0.00700
6     43641    -129.47099      67.61900      10.25000      -1.65606       0.49836       0.03646       0.45479     -15.44206      22.90000       0.00500       1.40200       0.00800
6     44137    -125.69100     -16.43500      10.15000      -1.65564       0.29190       0.03780       0.45588     -15.46539      22.62900       0.00900       1.49400       0.01000
6     44163    -125.47900     -36.57600      10.15000      -1.74073       0.79745       0.03780       0.45592     -15.47100      22.89700       0.00600       1.32500       0.00800
6     44178    -125.31000      36.12300      10.25000      -1.49934       0.81466       0.03646       0.45596     -15.45081      23.07200       0.00900       1.32400       0.01400
6     44312    -124.44400    -354.98099      10.30000      -1.25138       0.70003       0.03406       0.45621     -15.55944      23.05100       0.01400       1.38600       0.01500
6     44594    -122.51200      76.54300      10.20000      -1.49364       0.73837       0.03646       0.45679     -15.43956      22.93500       0.00500       1.35200       0.00800
6     45243    -118.55600     332.17300      10.15000      -1.99513       0.96869       0.03269       0.45792     -15.36856      23.02100       0.01000       1.21900       0.01200
6     45446    -117.46500     682.35400      10.15000      -1.16080       0.56045       0.03039       0.45825     -15.27128      22.81300       0.00900       1.41200       0.01100
6     45596    -116.59100    -167.11900      10.30000      -1.65637       0.17632       0.03739       0.45846     -15.50725      22.65900       0.00900       1.55200       0.01000
6     45969    -114.29200     307.16501      10.20000      -1.99869       0.90834       0.03362       0.45917     -15.37550      22.97700       0.00700       1.24500       0.01000
6     46711    -110.13000     -32.72900      10.30000      -1.40865       0.47864       0.03780       0.46033     -15.46992      22.76400       0.00600       1.37400       0.00800
6     46851    -109.38100     178.41200      10.20000      -1.65733       0.61341       0.03366       0.46058     -15.41128      22.75100       0.00300       1.41800       0.00600
6     46862    -109.32900    -256.27399      10.30000      -1.25100       0.54456       0.03519       0.46058     -15.53203      22.87400       0.00700       1.43900       0.00900
6     47166    -107.53500     245.43900      10.20000      -1.74763       0.84896       0.03362       0.46108     -15.39267      23.04700       0.00500       1.32100       0.00800
6     47559    -105.49500       7.62300      10.25000      -1.49931       0.62792       0.03780       0.46167     -15.45872      22.83200       0.00700       1.40900       0.00900
6     48409    -101.13500      -8.10500      10.15000      -1.74026       0.77679       0.03780       0.46292     -15.46308      22.89500       0.00600       1.33400       0.00900
6     48518    -100.57700     326.93201      10.30000      -1.65390       0.47281       0.03269       0.46313     -15.37003      22.86600       0.00400       1.38000       0.00700
6     48873     -98.85300     155.91800      10.30000      -1.65390       0.44598       0.03574       0.46358     -15.41753      22.86100       0.00500       1.39600       0.00700
6     49004     -98.21700     -93.88600      10.20000      -1.90615       0.34636       0.03744       0.46379     -15.48692      22.52800       0.00400       1.42300       0.00600
6     49100     -97.67900     260.20401      10.25000      -1.91005       0.43450       0.03362       0.46396     -15.38856      22.21700       0.01700       1.29200       0.01900
6     49317     -96.70400     -12.75900      10.15000      -1.90471       0.31701       0.03780       0.46421     -15.46439      22.62300       0.00700       1.47400       0.00900
6     49337     -96.64700    -154.21300      10.30000      -1.75923       0.76259       0.03739       0.46421     -15.50367      22.99900       0.00700       1.35900       0.01000
6     49757     -94.72300     590.36102      10.15000      -2.49798       0.80426       0.03041       0.46479     -15.29683      22.65500       0.00500       1.26900       0.00700
6     50305     -92.37200     -31.33000      10.30000      -1.65390       0.41621       0.03780       0.46546     -15.46953      22.80600       0.00600       1.40100       0.00800
6     50338     -92.19700      63.64500      10.15000      -1.23640       0.65350       0.03646       0.46550     -15.44314      22.94500       0.00600       1.42400       0.00900
6     51181     -88.59800     332.68399      10.25000      -1.65653       0.20798       0.03269       0.46654     -15.36842      22.39300       0.00900       1.47100       0.01100
6     51289     -88.14700    -304.53699      10.25000      -1.49936       0.71755       0.03406       0.46667     -15.54542      22.92000       0.00500       1.36000       0.00600
6     51585     -86.94800      33.77300      10.15000      -3.50661       0.92837       0.03646       0.46704     -15.45144      22.65900       0.00600       1.14400       0.00900
6     51808     -86.09300    -102.85800      10.15000      -1.90471       0.45963       0.03744       0.46725     -15.48942      22.74600       0.00600       1.41000       0.00800
6     51819     -86.05200      45.16000      10.25000      -1.65544       0.36574       0.03646       0.46729     -15.44828      22.84500       0.00500       1.46700       0.00800
6     51985     -85.43400     110.42000      10.20000      -1.49443       0.72048       0.03574       0.46746     -15.43017      22.91700       0.00500       1.36600       0.00800
6     52105     -84.95600    -164.52699      10.15000      -1.48897       0.80013       0.03739       0.46758     -15.50653      23.00600       0.00600       1.32800       0.00900
6     52785     -82.28300    -128.13100      10.25000      -1.50086       0.78079       0.03744       0.46837     -15.49642      23.10900       0.00900       1.37700       0.01100
6     52798     -82.20800     -44.58800      10.15000      -0.21888       0.73448       0.61280       0.46837     -15.47322      22.87400       0.01000       1.36100       0.01300
6     53741     -78.85100      50.65000      10.25000      -1.49840       0.64303       0.03646       0.46938     -15.44675      22.83500       0.00600       1.38800       0.00800
6     53823     -78.56700     232.77100      10.25000      -1.65544       0.28858       0.03366       0.46946     -15.39617      22.74200       0.00400       1.48800       0.00700
6     55152     -74.00000       3.15400      10.25000      -2.50995       0.81077       0.03780       0.47075     -15.45994      22.75700       0.01000       1.27100       0.01200
6     55481     -72.74400    -158.45200      10.15000      -1.74028       0.63061       0.08739       0.47112     -15.50483      22.83100       0.00400       1.45500       0.00800
6     55933     -71.08300     246.25400      10.30000      -1.74011       0.75594       0.03362       0.47158     -15.39242      22.91500       0.00700       1.32200       0.01000
6     56613     -68.79000      42.89800      10.15000      -1.74069       0.91637       0.03646       0.47225     -15.44892      23.05900       0.00600       1.27300       0.01100
6     56666     -68.61900    -293.74899      10.20000      -1.40626       0.45605       0.03519       0.47229     -15.54242      22.80000       0.00500       1.41600       0.00700
6     56733     -68.38800     -43.89900      10.20000      -1.74613       0.78816       0.04780       0.47238     -15.47303      22.93400       0.00800       1.33000       0.01200
6     56999     -67.48500     -13.45300      10.25000      -1.50066       0.44124       0.03780       0.47263     -15.46456      22.65700       0.00600       1.52900       0.00800
6     57159     -66.99400     116.43900      10.30000      -1.50452       0.78791       0.03574       0.47279     -15.42850      23.05600       0.00900       1.32600       0.01200
6     57595     -65.61600     -65.81600      10.30000      -1.25100       0.71169       0.03744       0.47317     -15.47911      23.06000       0.00800       1.35800       0.01500
6     57826     -64.77200      18.50000      10.20000      -1.15566       0.41232       0.03646       0.47342     -15.45569      22.58300       0.00800       1.45400       0.01000
6     57873     -64.59700     129.82500      10.25000      -1.24612       0.55118       0.03574       0.47346     -15.42478      22.84600       0.00500       1.44500       0.00800
6     57876     -64.58000    -595.79901      10.20000      -1.74183       0.70675       0.03197       0.47346     -15.62633      22.78800       0.00700       1.35400       0.00800
6     58108     -63.81800      67.56500      10.15000      -1.74075       0.87679       0.03646       0.47371     -15.44206      23.00400       0.00700       1.28900       0.01100
6     58234     -63.40300     147.98399      10.25000      -1.65544       0.38492       0.03574       0.47383     -15.41972      22.83100       0.01000       1.43800       0.01200
6     58518     -62.46800     130.70700      10.30000      -1.65390       0.30137       0.03574       0.47408     -15.42453      22.69100       0.00500       1.44800       0.00800
6     58813     -61.49300     226.12100      10.20000      -1.24159       0.70457       0.03366       0.47438     -15.39803      23.01800       0.00600       1.39800       0.00900
6     58828     -61.43800     222.08900      10.20000      -1.49443       0.78107       0.03366       0.47438     -15.39914      22.99200       0.01100       1.34100       0.01300
6     59501     -59.40400     155.12399      10.30000      -1.40829       0.44996       0.03574       0.47496     -15.41775      22.81800       0.00600       1.40200       0.01000
6     59511     -59.38600     526.03101      10.15000      -1.74023       0.52080       0.03131       0.47500     -15.31472      22.51000       0.00400       1.44000       0.00600
6     59836     -58.43500      23.36000      10.15000      -1.48943       0.37345       0.03721       0.47525     -15.45433      22.47600       0.00500       1.54800       0.00700
6     60480     -56.52500     -46.06500      10.15000      -1.65594       0.43088       0.03807       0.47579     -15.47364      22.68800       0.00800       1.41700       0.01100
6     60697     -55.85900     340.84000      10.15000      -1.74023       0.83374       0.03269       0.47600     -15.36617      22.92700       0.00500       1.29200       0.00800
6     60782     -55.57300     486.41000      10.20000      -1.90615       0.21607       0.03170       0.47608     -15.32572      22.37600       0.00600       1.47300       0.00700
6     60955     -55.04500    -190.02400      10.25000      -1.65653       0.49988       0.03692       0.47621     -15.51361      22.73300       0.00600       1.36400       0.00800
6     61723     -52.78700    -432.19400      10.25000      -1.90760       0.63823       0.03260       0.47688     -15.58089      22.93500       0.00600       1.45400       0.00900
6     62054     -51.83900    -144.44099      10.30000      -1.75769       0.81369       0.03692       0.47712     -15.50094      22.98200       0.01200       1.29700       0.01400
6     62084     -51.74700     120.54500      10.20000      -1.49468       0.77006       0.03549       0.47717     -15.42736      22.96600       0.00700       1.34400       0.01100
6     62768     -49.75600     243.31000      10.25000      -1.65653       0.27711       0.03387       0.47775     -15.39325      22.47600       0.00700       1.44700       0.00800
6     62864     -49.49800    -325.31201      10.30000      -1.40882       0.74170       0.03353       0.47779     -15.55119      23.04900       0.00500       1.35200       0.00700
6     63398     -48.01500       9.47900      10.25000      -1.65544       0.46913       0.03807       0.47825     -15.45819      22.94800       0.00700       1.43100       0.01000
6     63484     -47.77500     236.39999      10.30000      -1.50469       0.69403       0.03387       0.47833     -15.39517      22.91600       0.00500       1.36800       0.00900
6     63541     -47.62100     202.65100      10.30000      -1.25111       0.44925       0.03482       0.47837     -15.40453      22.78000       0.00900       1.52200       0.01100
6     63686     -47.23000     187.38901      10.30000      -3.01984       0.79603       0.09482       0.47846     -15.40878      22.81300       0.00700       1.29200       0.01000
6     63713     -47.13300    -132.78101      10.15000      -1.99516       0.84181       0.03768       0.47850     -15.49772      22.84600       0.00900       1.28100       0.01100
6     63976     -46.37300      26.29400      10.25000      -1.24641       0.64483       0.03721       0.47871     -15.45353      22.98200       0.00800       1.42500       0.01200
6     65395     -42.25200     -24.65900      10.20000      -1.90650       0.25294       0.03807       0.47992     -15.46769      22.40500       0.00700       1.45900       0.00900
6     65435     -42.15200      50.67800      10.25000      -1.65544       0.22908       0.03721       0.47992     -15.44675      22.69000       0.00500       1.51300       0.00800
6     65937     -40.72900      11.15800      10.30000      -1.65583       0.37167       0.03807       0.48033     -15.45772      22.88700       0.01300       1.47900       0.01600
6     65996     -40.54100     280.38400      10.15000      -1.48891       0.84847       0.03387       0.48042     -15.38294      23.07100       0.01400       1.30900       0.01600
6     66168     -40.08200     292.86301      10.25000      -3.51573       1.06464       0.03387       0.48054     -15.37947      22.97500       0.00800       1.10100       0.01000
6     66274     -39.76300     128.95100      10.20000      -1.99876       0.82474       0.03549       0.48063     -15.42500      22.86200       0.00900       1.28600       0.01200
6     66746     -38.43800     -81.31200      10.15000      -1.16079       0.49439       0.03768       0.48100     -15.48342      22.77000       0.00900       1.45800       0.01100
6     67102     -37.44500     -80.10900      10.30000      -1.65415       0.40053       0.03768       0.48129     -15.48308      22.86400       0.00700       1.43700       0.00900
6     67140     -37.32500     153.76100      10.25000      -1.90765       0.37766       0.05549       0.48133     -15.41811      22.48200       0.00600       1.39700       0.00900
6     67257     -37.01600     -21.28300      10.25000      -1.24612       0.68265       0.03807       0.48142     -15.46675      23.00800       0.00800       1.38400       0.01100
6     67396     -36.64600     -75.21600      10.20000      -1.65733       0.60550       0.03768       0.48150     -15.48172      22.75000       0.01100       1.42700       0.01600
6     68040     -34.86700      16.10100      10.20000      -1.99876       0.82474       0.03721       0.48204     -15.45636      22.87000       0.00700       1.29000       0.01100
6     68277     -34.19700     343.70801      10.20000      -2.50391       1.01522       0.03327       0.48225     -15.36536      23.03900       0.01100       1.19200       0.01300
6     68385     -33.89300    -205.93600      10.30000      -1.50472       0.74804       0.03692       0.48229     -15.51803      22.99600       0.00700       1.34600       0.00900
6     68509     -33.59300    -102.88900      10.25000      -1.65544       0.31734       0.03768       0.48242     -15.48942      22.76700       0.00900       1.46900       0.01100
6     68631     -33.21400     -82.38600      10.15000      -1.40409       0.29506       0.03768       0.48250     -15.48372      22.80600       0.00900       1.53200       0.01100
6     69062     -32.09900     257.85800      10.20000      -1.74618       0.74997       0.05387       0.48283     -15.38919      22.90100       0.01000       1.36000       0.01200
6     69158     -31.87800    -235.99699      10.30000      -1.50456       0.67108       0.03435       0.48288     -15.52639      22.89000       0.00500       1.37800       0.00800
6     69543     -30.79800    -409.49100      10.30000      -1.40879       0.69273       0.03229       0.48321     -15.57458      22.98100       0.00400       1.37300       0.00700
6     70231     -29.03700    -179.21800      10.30000      -1.50610       0.65853       0.03692       0.48371     -15.51061      22.97400       0.00600       1.42800       0.01000
6     70352     -28.71800     429.64001      10.15000      -1.48958       0.81044       0.03295       0.48379     -15.34150      22.98300       0.00500       1.32500       0.00700
6     70451     -28.42800      95.67900      10.25000      -1.75296       0.47967       0.03549       0.48388     -15.43425      22.56500       0.01200       1.48300       0.01500
6     70690     -27.81800    -209.57500      10.25000      -1.73936       0.86632       0.03692       0.48408     -15.51906      23.05200       0.00800       1.28500       0.01100
6     70851     -27.41400      25.54800      10.15000      -1.99427       0.76526       0.03721       0.48417     -15.45375      22.75800       0.01300       1.31900       0.01600
6     70870     -27.34600      20.20700      10.15000      -1.99459       0.96753       0.03721       0.48421     -15.45522      23.04800       0.01200       1.22800       0.01600
6     71158     -26.62000      78.91500      10.15000      -1.99535       0.92411       0.03721       0.48442     -15.43892      22.96500       0.01100       1.24600       0.01400
6     71351     -26.10700      97.22300      10.20000      -1.90615       0.23612       0.03549       0.48454     -15.43383      22.39100       0.01200       1.45200       0.01500
6     71539     -25.61700     149.36301      10.20000      -1.24163       0.73499       0.03549       0.48471     -15.41933      23.06300       0.00800       1.38700       0.01200
6     71551     -25.58600     466.69601      10.20000      -1.74763       0.77407       0.03205       0.48471     -15.33119      22.93300       0.00700       1.35100       0.00900
6     72215     -23.85700     132.06400      10.20000      -1.90615       0.49845       0.03549       0.48521     -15.42414      22.67300       0.00800       1.35400       0.01200
6     72254     -23.76300    -199.53600      10.25000      -1.73896       0.80281       0.03692       0.48525     -15.51625      22.96700       0.00500       1.31200       0.00800
6     72376     -23.48000      95.00000      10.25000      -3.51878       0.83393       0.03549       0.48533     -15.43444      22.56700       0.00900       1.17000       0.01200
6     72708     -22.66200    -122.96200      10.20000      -1.90895       0.52168       0.03768       0.48554     -15.49500      22.53100       0.00600       1.45200       0.00800
6     72923     -22.14000    -168.82700      10.30000      -2.51678       0.84116       0.03692       0.48571     -15.50772      22.83600       0.01200       1.25900       0.01500
6     73145     -21.61500     311.23801      10.15000      -1.90549       0.16498       0.03327       0.48588     -15.37439      22.39300       0.00800       1.52400       0.01000
6     73163     -21.56000      95.99800      10.20000      -1.65733       0.43126       0.03549       0.48588     -15.43417      22.36700       0.00700       1.33500       0.00900
6     73474     -20.75100      68.81700      10.30000      -1.65559       0.49863       0.03721       0.48608     -15.44172      23.04000       0.01100       1.42600       0.01300
6     73536     -20.63200    -448.12799      10.20000      -1.49364       0.73218       0.03229       0.48613     -15.58531      22.98500       0.00400       1.36700       0.00700
6     74276     -18.79600      96.47000      10.25000      -1.49836       0.74077       0.03549       0.48667     -15.43403      22.98200       0.01000       1.34800       0.01500
6     74429     -18.42200     187.36600      10.25000      -3.51878       1.10651       0.03482       0.48679     -15.40878      23.05400       0.01300       1.09000       0.01700
6     74956     -17.05000     -73.69600      10.15000      -1.74258       0.66974       0.03768       0.48717     -15.48131      22.76700       0.00800       1.40400       0.01000
6     75153     -16.52100     -84.79400      10.15000      -1.90471       0.48507       0.03768       0.48733     -15.48439      22.80500       0.00900       1.41000       0.01100
6     75316     -16.08100    -188.33099      10.20000      -1.24130       0.60570       0.03692       0.48746     -15.51314      22.90300       0.00800       1.43600       0.01000
6     75442     -15.75500     217.70900      10.30000      -1.40869       0.74265       0.03482       0.48754     -15.40036      23.04400       0.00600       1.35100       0.00900
6     75651     -15.24100       6.67900      10.15000      -1.16079       0.35520       0.03807       0.48771     -15.45897      22.59600       0.00800       1.52700       0.01000
6     75824     -14.79100    -186.55701      10.30000      -0.74408       0.35261       0.03692       0.48783     -15.51267      22.45600       0.00500       1.40800       0.00800
6     76607     -12.83300      69.67500      10.25000      -1.49838       0.63054       0.03721       0.48838     -15.44147      22.82300       0.01200       1.39600       0.01400
6     76989     -11.89900     230.93201      10.15000      -1.74028       0.63061       0.03482       0.48867     -15.39669      22.66000       0.00700       1.39000       0.01000
6     77344     -11.04900     -33.67900      10.25000      -1.75312       0.67867       0.03807       0.48892     -15.47019      22.85300       0.00900       1.40200       0.01100
6     77372     -10.98600    -151.10201      10.20000      -1.49364       0.65814       0.03692       0.48892     -15.50281      22.83200       0.01000       1.38900       0.01200
6     78058      -9.31500     143.70900      10.20000      -1.24109       0.43120       0.03549       0.48942     -15.42092      22.72300       0.01400       1.52800       0.01900
6     78066      -9.30300      62.06200      10.20000      -1.99874       0.93757       0.03721       0.48942     -15.44358      23.03200       0.01100       1.23800       0.01800
6     78260      -8.81900    -250.63499      10.15000      -1.48899       0.38574       0.03435       0.48954     -15.53044      22.48000       0.00700       1.53700       0.00800
6     78538      -8.15500     128.88000      10.25000      -1.73812       0.73903       0.03549       0.48975     -15.42503      22.87500       0.01300       1.34000       0.01700
6     78781      -7.54300    -123.01700      10.20000      -1.99996       0.85759       0.03768       0.48992     -15.49500      22.90100       0.00900       1.27300       0.01200
6     78936      -7.15200    -153.00500      10.30000      -1.75910       0.40974       0.03692       0.49004     -15.50333      22.50100       0.01200       1.51200       0.01300
6     78948      -7.12400     231.64101      10.25000      -1.24612       0.70150       0.03482       0.49004     -15.39650      23.04300       0.00900       1.37800       0.01200
6     79047      -6.89000     178.66901      10.20000      -2.00137       0.80709       0.03482       0.49008     -15.41119      22.88300       0.00700       1.32100       0.01000
6     79261      -6.33900    -356.48999      10.25000      -1.49954       0.71868       0.03353       0.49025     -15.55986      22.91900       0.00500       1.36300       0.00700
6     80069      -4.37600     278.18201      10.30000      -1.25139       0.66807       0.03387       0.49083     -15.38356      23.01300       0.00700       1.40400       0.00900
6     80100      -4.27700     -61.88800      10.15000      -1.74021       0.60008       0.03807       0.49083     -15.47803      22.63100       0.00900       1.41200       0.01100
6     80396      -3.48900    -684.00201      10.15000      -1.49090       0.50891       0.03251       0.49108     -15.65083      22.65800       0.00900       1.48600       0.01200
6     81241      -1.36600     226.99300      10.15000      -1.49087       0.56029       0.03482       0.49171     -15.39778      22.72800       0.01400       1.46800       0.01600
6     81292      -1.23900    -259.33701      10.30000      -1.74097       0.79026       0.03435       0.49171     -15.53286      22.95900       0.00900       1.30700       0.01100
6     81349      -1.09800     143.66701      10.20000      -1.65733       0.69044       0.03549       0.49175     -15.42092      22.85900       0.01000       1.37800       0.01400
6     81411      -0.97000     207.76300      10.15000      -1.74021       0.71291       0.03482       0.49179     -15.40311      22.77000       0.00700       1.35500       0.01000
6     81684      -0.24100      66.77900      10.25000      -2.00326       0.87962       0.03721       0.49200     -15.44228      22.97900       0.01400       1.26400       0.01700
6     82151       0.84900      81.05000      10.30000      -1.25139       0.67684       0.03721       0.49233     -15.43831      23.03400       0.00900       1.40200       0.01400
6     82197       0.95800      65.50900      10.15000      -1.23636       0.63534       0.03721       0.49238     -15.44264      22.93400       0.01600       1.43100       0.01900
6     82568       1.90100     111.12100      10.15000      -1.48958       0.77117       0.03549       0.49262     -15.42997      22.93700       0.01300       1.34500       0.01600
6     83482       4.23300    -100.54800      10.30000      -1.65571       0.31386       0.03768       0.49329     -15.48875      22.85300       0.01200       1.51100       0.01300
6     83850       5.14700     140.11700      10.15000      -1.74023       0.79400       0.03549       0.49358     -15.42192      22.88200       0.01000       1.31200       0.01500
6     83922       5.31100      22.12700      10.30000      -1.25100       0.73029       0.03721       0.49363     -15.45469      23.10800       0.01400       1.35600       0.01700
6     84302       6.27300    -133.04201      10.20000      -1.24129       0.44726       0.03768       0.49388     -15.49778      22.75100       0.00900       1.52600       0.01200
6     84650       7.09900    -359.62500      10.15000      -1.90471       0.19149       0.03353       0.49413     -15.56072      22.47600       0.00900       1.52300       0.01000
6     84668       7.14000      18.81600      10.15000      -1.23633       0.35151       0.03721       0.49413     -15.45561      22.61800       0.01400       1.58400       0.01500
6     84709       7.24400    -104.70100      10.25000      -1.65653       0.15626       0.03768       0.49417     -15.48992      22.36700       0.00900       1.50300       0.01100
6     84932       7.79100    -161.04800      10.20000      -1.24175       0.69442       0.03692       0.49433     -15.50556      23.00200       0.00600       1.40800       0.01000
6     84938       7.80000     135.66499      10.20000      -1.49364       0.65496       0.03549       0.49433     -15.42314      22.82900       0.01300       1.39300       0.01600
6     85170       8.35900    -352.75101      10.30000      -1.40865       0.47864       0.03353       0.49450     -15.55883      22.74900       0.01000       1.36900       0.01100
6     85404       8.89300    -115.26800      10.25000      -1.24612       0.70912       0.03768       0.49467     -15.49286      23.06900       0.01300       1.37800       0.01600
6     85887      10.10300     -64.77300      10.30000      -1.40880       0.73347       0.04768       0.49500     -15.47883      23.08100       0.01000       1.37700       0.01300
6     85923      10.16900     233.54201      10.20000      -1.49444       0.68007       0.03387       0.49500     -15.39597      22.85600       0.01000       1.38700       0.01200
6     86268      10.98300     154.76100      10.25000      -1.65544       0.35532       0.03549       0.49525     -15.41783      22.80900       0.01300       1.46300       0.01600
6     86425      11.34200      38.21400      10.15000      -1.90471       0.37654       0.03721       0.49533     -15.45022      22.68500       0.00900       1.45100       0.01100
6     86654      11.86400     250.97301      10.30000      -1.25100       0.53591       0.03387       0.49550     -15.39111      22.85900       0.00700       1.44200       0.01000
6     87026      12.81100    -192.54401      10.25000      -3.01285       0.79078       0.15692       0.49579     -15.51431      22.97900       0.00800       1.37900       0.01000
6     87256      13.34400     -45.87200      10.20000      -1.65733       0.42773       0.03807       0.49592     -15.47358      22.35900       0.01300       1.33900       0.01500
6     87328      13.51000     150.76300      10.15000      -1.23689       0.64039       0.03549       0.49596     -15.41894      22.91100       0.00900       1.43400       0.01200
6     87562      14.12400    -266.50101      10.20000      -1.65733       0.52620       0.03435       0.49617     -15.53486      22.65000       0.00800       1.45800       0.01000
6     87582      14.16800    -294.47000      10.20000      -1.49366       0.83480       0.03435       0.49617     -15.54264      23.07900       0.01100       1.31100       0.01300
6     87871      14.88800    -294.43399      10.25000      -2.00611       0.83687       0.03435       0.49638     -15.54261      22.96600       0.01800       1.30600       0.01900
6     88588      16.60500    -182.34399      10.30000      -0.74408       0.51570       0.15692       0.49687     -15.51147      22.81400       0.00600       1.42200       0.00900
6     88961      17.50600    -384.72299      10.30000      -1.40867       0.74679       0.03229       0.49712     -15.56769      23.05700       0.00900       1.35000       0.01100
6     89137      17.97200       6.65600      10.25000      -3.51573       1.00180       0.03807       0.49725     -15.45897      22.87300       0.01100       1.12100       0.01500
6     90977      22.36400     193.30901      10.25000      -1.49954       0.71868       0.03482       0.49854     -15.40714      22.92500       0.00900       1.36000       0.01100
6     91190      22.93200     182.53700      10.15000      -1.23647       0.50261       0.03482       0.49871     -15.41014      22.75900       0.00700       1.49500       0.01000
6     91637      23.99200     303.51700      10.15000      -1.74123       0.91377       0.03387       0.49900     -15.37653      23.02900       0.01400       1.26600       0.01500
6     91759      24.26500     -29.08900      10.25000      -1.65544       0.46410       0.03807       0.49908     -15.46892      22.94600       0.01100       1.43500       0.01400
6     91820      24.39800      50.40100      10.15000      -1.23633       0.31001       0.03721       0.49913     -15.44683      22.58000       0.01000       1.61200       0.01300
6     92477      26.00600     366.73599      10.25000      -1.90760       0.65349       0.03327       0.49958     -15.35897      22.94700       0.00700       1.43900       0.00900
6     93228      27.87000    -350.62399      10.15000      -1.99433       0.88007       0.03353       0.50013     -15.55822      22.90700       0.00800       1.25900       0.01000
6     93334      28.09500     -48.61000      10.15000      -1.74021       0.70599       0.03641       0.50017     -15.47433      22.76700       0.00900       1.35800       0.01200
6     93435      28.33500    -325.33401      10.15000      -1.99661       0.58518       0.03353       0.50025     -15.55119      22.52100       0.00700       1.41400       0.00900
6     94249      30.28600     241.10001      10.15000      -1.74126       0.77765       0.03387       0.50079     -15.39386      22.84500       0.00900       1.32200       0.01200
6     94992      32.01700     114.49800      10.25000      -1.15631       0.54902       0.11571       0.50129     -15.42903      22.74800       0.01100       1.38100       0.01400
6     95392      32.97700    -136.44200      10.25000      -1.24612       0.60311       0.03705       0.50158     -15.49872      22.91300       0.01300       1.42000       0.01500
6     95858      34.17000     255.33501      10.15000      -1.98363       0.68873       0.03396       0.50192     -15.38992      22.64400       0.01000       1.35000       0.01200
6     96403      35.46200     142.54500      10.30000      -2.51632       0.62048       0.03571       0.50229     -15.42125      22.47600       0.00700       1.34400       0.01000
6     96508      35.70900    -347.38101      10.30000      -1.25100       0.53591       0.03353       0.50238     -15.55733      22.85800       0.00400       1.44200       0.00600
6     96961      36.78400       2.08300      10.15000      -1.90286       0.25465       0.03641       0.50267     -15.46025      22.80400       0.01100       1.51100       0.01400
6     97146      37.18000    -368.97000      10.20000      -1.15566       0.46062       0.03353       0.50279     -15.56333      22.65600       0.00500       1.43200       0.00700
6     97536      38.20500    -292.28101      10.15000      -1.48953       0.82713       0.03443       0.50308     -15.54203      23.02400       0.01300       1.32300       0.01700
6     97971      39.24800      71.14500      10.20000      -1.49369       0.70678       0.03661       0.50338     -15.44108      22.89400       0.00900       1.36700       0.01200
6     98497      40.49300    -100.44100      10.30000      -1.75763       0.83051       0.03705       0.50375     -15.48872      23.00100       0.01300       1.28700       0.01500
6     98860      41.30800     225.99600      10.25000      -1.90760       0.65881       0.03494       0.50400     -15.39806      22.96400       0.00900       1.44900       0.01100
6     99072      41.84000     287.84698      10.25000      -1.49944       0.66115       0.03396       0.50413     -15.38089      22.84800       0.01000       1.38800       0.01200
6     99344      42.53400     435.88501      10.20000      -1.49367       0.66703       0.03295       0.50433     -15.33975      22.83100       0.00600       1.37900       0.00800
6     99585      43.13100    -131.37000      10.30000      -1.65739       0.37580       0.03705       0.50450     -15.49733      22.73800       0.01500       1.43700       0.01700
6     99809      43.64500     195.06500      10.20000      -1.65733       0.48962       0.03494       0.50467     -15.40664      22.43200       0.01300       1.31500       0.01400
6     99843      43.73800     256.62701      10.25000      -1.49938       0.65447       0.04396       0.50467     -15.38955      22.87200       0.01300       1.40400       0.01500
6    100088      44.34800      29.07900      10.25000      -1.49932       0.71100       0.03661       0.50488     -15.45275      22.93600       0.01200       1.36400       0.01600
6    100344      44.92500     106.11600      10.30000      -1.50452       0.62366       0.03571       0.50504     -15.43136      22.83400       0.01000       1.39900       0.01300
6    100773      45.93400    -116.24400      10.25000      -4.03496       1.12643       0.04705       0.50533     -15.49311      23.05200       0.00800       1.06700       0.01200
6    100952      46.41000     -91.02500      10.20000      -4.01405       1.03439       0.03705       0.50546     -15.48611      22.83100       0.01200       1.09000       0.01600
6    101043      46.61000      42.54800      10.20000      -1.49444       0.68007       0.03661       0.50550     -15.44903      22.87000       0.01000       1.39000       0.01300
6    101132      46.81100     -86.83600      10.15000      -3.00226       1.08810       0.03705       0.50558     -15.48494      23.02800       0.00900       1.12600       0.01300
6    101577      47.87400     275.47699      10.20000      -1.99970       0.81204       0.03396       0.50587     -15.38431      22.82200       0.01200       1.28600       0.01400
6    102021      48.95100     318.58401      10.20000      -1.24169       0.70659       0.03375       0.50617     -15.37233      23.00600       0.00800       1.39300       0.01000
6    102025      48.96100     186.22099      10.25000      -1.15631       0.27734       0.03494       0.50621     -15.40911      22.36500       0.00800       1.38000       0.01100
6    102152      49.25800    -304.95200      10.20000      -1.49364       0.67536       0.03238       0.50629     -15.54553      22.84500       0.01000       1.37600       0.01200
6    102360      49.73500     -87.11900      10.25000      -1.90759       0.76472       0.03705       0.50642     -15.48503      23.09600       0.01000       1.38700       0.01400
6    102460      49.98400    -140.10100      10.30000      -1.50447       0.67629       0.03705       0.50650     -15.49975      22.91300       0.01200       1.37700       0.01400
6    102650      50.47200     249.06799      10.15000      -1.48899       0.33946       0.04896       0.50663     -15.39164      22.48100       0.00800       1.58300       0.00900
6    102881      51.05400    -229.04800      10.30000      -1.50447       0.69494       0.03443       0.50679     -15.52444      22.93100       0.00800       1.36600       0.01000
6    103230      51.94100     226.03101      10.15000      -1.74023       0.64071       0.03494       0.50704     -15.39806      22.67700       0.00900       1.38600       0.01100
6    103427      52.43300    -119.26900      10.25000      -1.90759       0.45568       0.04705       0.50721     -15.49397      22.56200       0.00500       1.35600       0.00700
6    103604      52.80600    -101.89700      10.25000      -1.75301       0.55564       0.03705       0.50729     -15.48914      22.67500       0.01200       1.45200       0.01400
6    103967      53.74800    -269.44501      10.30000      -1.40879       0.69273       0.03443       0.50758     -15.53567      22.98800       0.00500       1.37700       0.00800
6    104365      54.73700     307.25601      10.25000      -1.90759       0.45568       0.03375       0.50783     -15.37547      22.51800       0.01200       1.33600       0.01400
6    104657      55.53500    -191.89000      10.15000      -1.90797       0.59863       0.03543       0.50808     -15.51414      22.59600       0.01200       1.41100       0.01300
6    105727      58.27800      36.53400      10.20000      -1.90615       0.46123       0.03661       0.50888     -15.45069      22.63000       0.00800       1.37000       0.01300
6    105871      58.64800      70.29200      10.15000      -1.48959       0.63052       0.03661       0.50900     -15.44131      22.77400       0.01200       1.41300       0.01500
6    106235      59.57900    -264.51001      10.25000      -0.99279       0.74376       0.03443       0.50925     -15.53431      22.39800       0.01400       1.08500       0.01500
6    106340      59.83000      83.93500      10.25000      -1.75172       0.84042       0.03571       0.50933     -15.43753      22.99400       0.00900       1.29100       0.01300
6    106913      61.38500      90.26600      10.25000      -1.65653       0.47986       0.03571       0.50979     -15.43575      22.70400       0.00900       1.37600       0.01300
6    107131      62.01300    -206.69901      10.25000      -1.65544       0.09126       0.03543       0.50996     -15.51825      22.50300       0.01300       1.54400       0.01400
6    107631      63.43900       5.90200      10.15000      -1.48958       0.69213       0.03641       0.51038     -15.45919      22.83800       0.00900       1.38000       0.01300
6    107653      63.49600     274.84799      10.15000      -1.74026       0.76845       0.03396       0.51038     -15.38447      22.83900       0.00700       1.32700       0.01000
6    107765      63.83100     251.80000      10.20000      -1.40445       0.17996       0.03396       0.51046     -15.39089      22.75000       0.01100       1.55000       0.01300
6    108270      65.22200    -515.87299      10.25000      -1.24612       0.68373       0.03209       0.51088     -15.60414      22.99100       0.00500       1.37600       0.00800
6    108407      65.62400    -101.24100      10.15000      -1.99515       0.94275       0.03705       0.51100     -15.48895      22.98600       0.00700       1.23300       0.01000
6    108902      66.90500     420.96500      10.20000      -1.65733       0.54181       0.04289       0.51138     -15.34389      22.68200       0.00900       1.46300       0.01100
6    108940      66.99000     211.77100      10.15000      -1.23689       0.77919       0.03494       0.51138     -15.40200      23.07300       0.01000       1.36800       0.01300
6    109315      68.06100     -39.29200      10.20000      -1.99980       0.82195       0.03641       0.51171     -15.47175      22.84700       0.00500       1.28500       0.01000
6    109334      68.12800      53.06600      10.30000      -1.75784       0.89634       0.03661       0.51171     -15.44608      23.09800       0.01100       1.26600       0.01500
6    109563      68.73300     -38.52500      10.15000      -1.90495       0.27418       0.03641       0.51188     -15.47153      22.51200       0.00900       1.47900       0.01200
6    109633      68.92500     337.46899      10.15000      -1.40409       0.19202       0.03375       0.51196     -15.36708      22.64100       0.01500       1.51800       0.01700
6    109861      69.61100     -52.86500      10.15000      -1.48897       0.66405       0.03641       0.51217     -15.47553      22.82300       0.00600       1.39100       0.01000
6    110340      70.97300     -38.73300      10.15000      -1.99427       0.76526       0.03641       0.51254     -15.47158      22.75400       0.01000       1.31900       0.01300
6    110455      71.25500     158.98599      10.30000      -1.25139       0.69424       0.03494       0.51263     -15.41667      23.04500       0.00900       1.38900       0.01200
6    110572      71.61500     -78.25300      10.25000      -2.50980       0.88104       0.03705       0.51271     -15.48256      22.86800       0.01000       1.24300       0.01400
6    111095      73.05600     133.42500      10.25000      -1.65653       0.19470       0.03571       0.51313     -15.42378      22.36600       0.00700       1.47300       0.01000
6    111375      73.87800    -250.15401      10.30000      -1.40986       0.42876       0.03443       0.51338     -15.53030      22.51100       0.01200       1.35000       0.01400
6    111440      74.09800      36.45400      10.30000      -4.03139       0.97847       0.03661       0.51346     -15.45069      22.77500       0.00900       1.09000       0.01300
6    111890      75.43000    -459.06601      10.20000      -1.15566       0.38713       0.03223       0.51383     -15.58836      22.52400       0.00300       1.45400       0.00500
6    111959      75.62400     -47.38100      10.30000      -1.40986       0.24227       0.03641       0.51388     -15.47400      22.26800       0.00900       1.41000       0.01000
6    112447      76.99300     -41.39300      10.30000      -2.51678       0.84116       0.03641       0.51429     -15.47233      22.83400       0.00700       1.25700       0.01200
6    112959      78.56500      69.08300      10.15000      -2.49827       0.75847       0.03661       0.51471     -15.44164      22.60900       0.01100       1.29900       0.01400
6    113555      80.39800      -1.69600      10.15000      -1.74023       0.80714       0.03641       0.51525     -15.46131      22.89900       0.00600       1.31000       0.01000
6    113641      80.63200      39.89400      10.15000      -1.74255       0.91923       0.03661       0.51533     -15.44975      23.07700       0.00900       1.27300       0.01300
6    114382      82.95300    -391.12601      10.15000      -1.48894       0.51045       0.03223       0.51600     -15.56947      22.62000       0.00600       1.46400       0.00800
6    114729      84.07600    -713.15399      10.15000      -1.74123       0.93361       0.03262       0.51633     -15.65892      23.05600       0.00900       1.25400       0.01100
6    114915      84.62700     -16.11900      10.30000      -1.75769       0.80238       0.03641       0.51646     -15.46531      22.96400       0.00900       1.30000       0.01200
6    115106      85.21300     -34.15100      10.20000      -1.49367       0.85503       0.03641       0.51663     -15.47031      23.10100       0.01100       1.30400       0.01500
6    116525      89.90400     -63.91400      10.30000      -4.03139       1.01745       0.06641       0.51800     -15.47858      22.94300       0.00700       1.11500       0.01000
6    117021      91.72800     -97.92600      10.30000      -1.65390       0.17602       0.03705       0.51854     -15.48803      22.55900       0.01000       1.50100       0.01200
6    117163      92.17100     355.80301      10.20000      -1.15566       0.44273       0.05375       0.51863     -15.36200      22.69100       0.00600       1.46600       0.00700
6    117343      92.82600      -8.34900      10.20000      -1.65733       0.70196       0.03641       0.51883     -15.46314      22.87200       0.00600       1.37400       0.01000
6    117366      92.91300     323.09900      10.25000      -1.49938       0.63664       0.04375       0.51883     -15.37108      22.85000       0.00600       1.40800       0.00800
6    117533      93.47000     163.13300      10.15000      -1.74072       0.69811       0.03494       0.51900     -15.41553      22.75200       0.00600       1.36400       0.00900
6    117813      94.52800     317.60901      10.20000      -1.99981       0.99695       0.03375       0.51933     -15.37261      23.08500       0.00800       1.20700       0.01000
6    118006      95.24700    -105.87600      10.30000      -1.25139       0.65063       0.03705       0.51954     -15.49025      23.00200       0.00800       1.41700       0.01000
6    118173      95.80600     255.93700      10.20000      -1.65733       0.64775       0.03396       0.51967     -15.38975      22.79200       0.01000       1.39500       0.01200
6    118299      96.32600    -133.29401      10.15000      -1.99680       0.97105       0.03705       0.51983     -15.49786      23.10200       0.00800       1.25800       0.01100
6    118498      97.00800    -307.73801      10.25000      -1.49843       0.74135       0.03238       0.52004     -15.54631      22.95400       0.00800       1.34300       0.00900
6    118737      97.97600    -189.10600      10.20000      -1.49366       0.81445       0.03543       0.52033     -15.51336      23.05700       0.01100       1.32100       0.01400
6    118740      97.99800    -272.95801      10.15000      -1.74123       0.93361       0.03443       0.52033     -15.53667      23.06100       0.01000       1.25800       0.01200
6    118766      98.08100     183.26500      10.25000      -1.75168       0.75162       0.03494       0.52033     -15.40992      22.87000       0.00900       1.32900       0.01200
6    119274      99.92100      58.02700      10.20000      -1.49468       0.81022       0.03661       0.52088     -15.44472      23.02500       0.01300       1.32900       0.01600
6    119334     100.10200    -209.47099      10.20000      -1.49366       0.69570       0.03543       0.52096     -15.51903      22.87900       0.00600       1.37300       0.00900
6    119400     100.30400     -85.54400      10.25000      -3.01285       1.03448       0.03705       0.52100     -15.48458      23.00500       0.01100       1.14400       0.01300
6    119958     102.48200      47.65900      10.15000      -1.48897       0.62917       0.03661       0.52162     -15.44758      22.77600       0.00700       1.41100       0.01000
6    119996     102.63700     -42.32400      10.25000      -2.50995       1.02134       0.03641       0.52167     -15.47258      23.09500       0.00800       1.18900       0.01200
6    120349     103.87600    -170.36501      10.20000      -3.00656       1.09374       0.03543       0.52204     -15.50817      23.06600       0.01300       1.12000       0.01500
6    120509     104.46000     284.54599      10.25000      -2.00606       0.81226       0.03396       0.52217     -15.38178      22.92700       0.00700       1.31600       0.00900
6    120556     104.60600     410.28900      10.25000      -1.90772       0.40199       0.04289       0.52221     -15.34686      22.48400       0.00900       1.37500       0.01000
6    120886     105.91800    -117.93900      10.20000      -2.00137       0.90451       0.03705       0.52263     -15.49358      23.04000       0.00800       1.28300       0.01200
6    120896     105.94600     257.53500      10.15000      -1.74026       0.83750       0.03396       0.52263     -15.38931      22.95000       0.00800       1.29700       0.01000
6    121265     107.44700     -37.24900      10.15000      -1.99665       0.85065       0.03641       0.52304     -15.47117      22.91800       0.00600       1.30800       0.01000
6    121484     108.26000     -96.54500      10.15000      -1.48958       0.83019       0.03705       0.52329     -15.48764      23.02300       0.00800       1.31700       0.01000
6    121571     108.59300     290.75699      10.15000      -1.48894       0.84785       0.03396       0.52338     -15.38006      23.05700       0.00600       1.30400       0.00800
6    121607     108.75200     321.08899      10.15000      -1.90471       0.27741       0.03375       0.52342     -15.37164      22.56900       0.00400       1.48500       0.00600
6    121640     108.88300     -56.54900      10.20000      -1.49370       0.74287       0.03641       0.52346     -15.47653      22.94200       0.00800       1.35300       0.01100
6    121771     109.48900     332.30301      10.30000      -1.40879       0.71327       0.03375       0.52363     -15.36853      23.01000       0.00700       1.36300       0.00900
6    121795     109.56500     265.07999      10.15000      -1.48958       0.78787       0.03396       0.52367     -15.38719      22.97000       0.00800       1.34000       0.01200
6    121838     109.75800    -232.31100      10.15000      -1.48894       0.84785       0.03443       0.52371     -15.52536      23.05900       0.01300       1.30500       0.01600
6    121974     110.32800     167.48300      10.30000      -1.75910       0.74031       0.03494       0.52388     -15.41430      22.90600       0.00600       1.34400       0.01000
6    122027     110.57600     -23.32700      10.15000      -1.99540       0.98825       0.03641       0.52396     -15.46731      23.05500       0.00700       1.21600       0.01100
6    122446     112.28600     612.93298      10.20000      -1.24129       0.44089       0.03202       0.52442     -15.29058      22.72600       0.00700       1.52500       0.00900
6    122812     113.88700    -165.14000      10.30000      -1.65742       0.14174       0.03543       0.52492     -15.50669      22.52800       0.00700       1.54300       0.00900
6    122912     114.24700     108.89200      10.20000      -2.00151       0.92884       0.03462       0.52500     -15.43058      23.06800       0.00600       1.27300       0.01100
6    122991     114.53800    -285.68201      10.15000      -1.90768       0.55770       0.03443       0.52513     -15.54019      22.61400       0.00600       1.45900       0.00900
6    123458     116.61500     229.67500      10.15000      -1.48937       0.33372       0.03396       0.52567     -15.39703      22.42500       0.01100       1.57000       0.01300
6    123511     116.84500     548.97699      10.30000      -2.51663       1.00686       0.03219       0.52575     -15.30833      23.08800       0.00500       1.18800       0.00800
6    123560     117.02600     258.45401      10.20000      -1.65733       0.71014       0.03396       0.52579     -15.38903      22.87800       0.00800       1.36700       0.01000
6    124146     119.69400      66.20500      10.20000      -1.49364       0.75311       0.03540       0.52658     -15.44244      23.00000       0.01000       1.35500       0.01200
6    124381     120.76300    -105.12900      10.25000      -1.49843       0.76816       0.03490       0.52688     -15.49003      22.99400       0.00900       1.33500       0.01100
6    124589     121.68600    -471.76199      10.30000      -1.50456       0.72692       0.03209       0.52717     -15.59189      22.94700       0.00600       1.34700       0.00700
6    125000     123.70400     242.51601      10.30000      -1.50452       0.82008       0.03408       0.52771     -15.39347      23.08000       0.00900       1.30600       0.01200
6    125198     124.58700    -249.10100      10.30000      -2.51694       0.98323       0.03317       0.52800     -15.53003      23.05200       0.01600       1.19800       0.01800
6    125357     125.23500    -418.52802      10.20000      -1.65609       0.29112       0.03223       0.52821     -15.57708      22.67100       0.00300       1.49700       0.00500
6    125616     126.52200    -323.01901      10.25000      -1.65653       0.49454       0.03238       0.52858     -15.55056      22.72000       0.00500       1.36300       0.00700
6    125954     128.25301      74.81500      10.30000      -2.51663       0.69914       0.03540       0.52904     -15.44006      22.60500       0.00700       1.31200       0.00900
6    126417     130.52800     192.58800      10.25000      -1.73739       0.69600       0.03464       0.52971     -15.40733      22.81800       0.00500       1.35700       0.00900
6    126540     131.12700     171.75200      10.25000      -2.00606       0.81226       0.03464       0.52988     -15.41311      22.92800       0.01100       1.32000       0.01400
6    126561     131.24001     -91.24800      10.15000      -1.65594       0.43088       0.03490       0.52992     -15.48617      22.67800       0.00300       1.41600       0.00600
6    126589     131.37900    -196.65401      10.30000      -1.25100       0.73262       0.03327       0.52996     -15.51544      23.07300       0.00500       1.34300       0.00800
6    126833     132.77000    -114.17000      10.25000      -3.51421       1.12742       0.03490       0.53038     -15.49256      23.09200       0.01100       1.08400       0.01400
6    126995     133.52499     -77.55200      10.15000      -1.99506       0.89577       0.03490       0.53058     -15.48236      22.91300       0.00600       1.25100       0.00900
6    127383     135.56200     280.88501      10.15000      -1.74028       0.55702       0.03408       0.53113     -15.38281      22.56500       0.00500       1.42700       0.00800
6    127554     136.59399    -263.60501      10.30000      -1.15697       0.56423       0.08317       0.53146     -15.53406      22.78900       0.01700       1.37000       0.01800
6    127657     137.16600     -24.14800      10.25000      -3.01332       0.81294       0.03538       0.53163     -15.46753      22.61700       0.01000       1.21600       0.01100
6    127795     137.90100     -51.66500      10.25000      -2.00449       0.91054       0.03538       0.53183     -15.47519      22.99600       0.00900       1.24100       0.01200
6    127830     138.09700     292.94299      10.15000      -1.90471       0.46248       0.03408       0.53188     -15.37944      22.74200       0.00400       1.40500       0.00600
6    127957     138.75400     296.43500      10.20000      -1.74749       0.54973       0.03408       0.53204     -15.37850      22.62500       0.00600       1.45000       0.00800
6    128996     144.85001      88.34300      10.30000      -1.75764       0.89910       0.03462       0.53383     -15.43628      23.09000       0.00900       1.25800       0.01100
6    129292     146.59599      23.04600      10.15000      -1.74023       0.80714       0.03540       0.53433     -15.45442      22.89600       0.00700       1.30700       0.01000
6    129316     146.78000     115.40800      10.20000      -2.00132       0.85580       0.03462       0.53438     -15.42878      22.95600       0.00600       1.30200       0.01000
6    129544     148.14500    -309.89801      10.30000      -1.50456       0.64222       0.03195       0.53479     -15.54692      22.84700       0.00700       1.38500       0.00900
6    129577     148.33501      -1.01400      10.25000      -1.24648       0.72224       0.03538       0.53483     -15.46111      23.07200       0.00800       1.39000       0.01000
6    129609     148.48199      18.23900      10.25000      -1.90765       0.24237       0.03540       0.53487     -15.45575      22.25500       0.00700       1.41900       0.00900
6    129629     148.63499      20.68300      10.15000      -1.48974       0.70355       0.03540       0.53492     -15.45508      22.85200       0.00700       1.37500       0.01000
6    129919     150.73700     172.79100      10.20000      -2.00118       0.80168       0.03464       0.53550     -15.41283      22.83400       0.00800       1.30200       0.01100
6    129953     150.97400      16.10100      10.20000      -1.49366       0.81445       0.03540       0.53558     -15.45636      23.05500       0.00600       1.31900       0.00900
6    130058     151.65100    -102.89700      10.15000      -1.48955       0.88599       0.03490       0.53579     -15.48942      23.10600       0.00700       1.29800       0.00900
6    130287     153.23399     -62.41200      10.15000      -1.48891       0.86830       0.03538       0.53625     -15.47817      23.10400       0.00600       1.30300       0.00800
6    130540     154.90700     246.55901      10.20000      -1.65733       0.86554       0.03408       0.53671     -15.39233      23.07800       0.00800       1.29600       0.01000
6    130718     156.07500    -184.32899      10.20000      -1.65733       0.51059       0.03327       0.53708     -15.51203      22.62300       0.00700       1.46900       0.00800
6    130751     156.28900     242.33800      10.30000      -1.65412       0.34146       0.03408       0.53713     -15.39350      22.78900       0.00700       1.45300       0.00900
6    131711     162.80299    -178.76199      10.15000      -1.23644       0.29443       0.03327       0.53900     -15.51047      22.58000       0.01000       1.63300       0.01100
6    131716     162.82899    -230.20900      10.25000      -1.49840       0.57412       0.03317       0.53904     -15.52478      22.75000       0.00500       1.42200       0.00700
6    131805     163.48599     387.44299      10.25000      -1.65653       0.42006       0.03295       0.53917     -15.35320      22.63600       0.00500       1.39300       0.00600
6    132272     167.16600      26.41100      10.25000      -1.49837       0.75368       0.03540       0.54025     -15.45350      22.97400       0.00900       1.33800       0.01100
6    132497     169.03799    -159.65500      10.25000      -1.49930       0.60712       0.03327       0.54079     -15.50517      22.79300       0.01200       1.41200       0.01500
6    132683     170.52800      -3.04900      10.30000      -1.50474       0.79078       0.03538       0.54125     -15.46167      23.04900       0.00800       1.32500       0.01200
6    132829     171.76601     249.46500      10.30000      -1.50607       0.60585       0.03408       0.54158     -15.39153      22.89200       0.00500       1.44500       0.00700
6    132862     172.01300    -372.44699      10.30000      -1.65390       0.42501       0.03195       0.54167     -15.56428      22.82600       0.00400       1.39600       0.00600
6    132927     172.63600    -171.97000      10.30000      -1.40891       0.54029       0.03327       0.54183     -15.50858      22.80400       0.00400       1.45100       0.00700
6    133614     179.13200    -422.51501      10.15000      -1.74255       0.67116       0.03208       0.54375     -15.57819      22.72600       0.00400       1.38500       0.00600
6    133632     179.32201     -94.00400      10.20000      -1.49367       0.66703       0.03490       0.54379     -15.48695      22.83800       0.00700       1.37900       0.00900
6    133800     180.97000    -218.82201      10.25000      -1.49935       0.77320       0.03327       0.54425     -15.52161      23.00500       0.00800       1.33900       0.01000
6    133925     182.40601      65.33500      10.25000      -1.49952       0.69783       0.03540       0.54467     -15.44267      22.90100       0.00900       1.37100       0.01100
6    133976     182.85699    -532.20099      10.15000      -1.74023       0.74067       0.03213       0.54483     -15.60867      22.80100       0.00800       1.33500       0.01000
6    134158     184.69000     -79.13500      10.30000      -1.50448       0.71356       0.03490       0.54533     -15.48281      22.95500       0.00800       1.35800       0.00900
6    134254     185.57700    -208.66901      10.15000      -1.48959       0.88897       0.03327       0.54558     -15.51878      23.09000       0.00900       1.28800       0.01200
6    134563     188.99100    -622.91302      10.25000      -1.75317       0.77988       0.03285       0.54658     -15.63386      22.97900       0.01200       1.35000       0.01300
6    135251     196.78799    -157.22099      10.25000      -2.00323       0.66836       0.03327       0.54879     -15.50450      22.67000       0.00700       1.35300       0.00800
6    135269     196.92900       7.87200      10.25000      -1.24641       0.64483       0.03540       0.54883     -15.45864      22.97700       0.00900       1.42600       0.01000
6    135441     198.71300      43.60900      10.25000      -1.24612       0.68480       0.03540       0.54933     -15.44872      23.00500       0.00700       1.38000       0.01000
6    135710     201.91800      72.39100      10.20000      -1.15566       0.43019       0.03399       0.55029     -15.44072      22.67300       0.01200       1.46700       0.01300
6    136228     208.37199     159.05200      10.15000      -2.49842       1.05526       0.03368       0.55213     -15.41664      23.07100       0.00800       1.17700       0.01100
6    136584     213.01500     214.82600      10.30000      -1.75915       0.58769       0.03368       0.55346     -15.40114      22.74000       0.00600       1.43100       0.00800
6    136635     213.64700     237.19400      10.25000      -1.49957       0.77933       0.03361       0.55363     -15.39494      23.00100       0.00900       1.33400       0.01200
6    137783     230.84900      32.88900      10.30000      -1.40869       0.78270       0.03399       0.55862     -15.45169      23.09200       0.00700       1.32800       0.01000
6    138992     251.76100     517.82501      10.30000      -1.75764       0.89910       0.03215       0.56458     -15.31697      23.08100       0.01100       1.25500       0.01400
6    140117     274.44199    -587.22498      10.30000      -1.25100       0.64268       0.03317       0.57125     -15.62394      22.98600       0.00700       1.38800       0.01000
6    141177     297.49200     217.21899      10.30000      -1.40881       0.76201       0.03317       0.57779     -15.40047      23.07700       0.00800       1.34300       0.01200
6    141379     302.04999    -497.72400      10.25000      -1.65653       0.29403       0.03250       0.57921     -15.59908      22.48700       0.00300       1.43800       0.00700
6    142079     317.30399    -403.98001      10.25000      -1.49837       0.82641       0.03211       0.58358     -15.57303      23.08200       0.00500       1.30800       0.00800
6    142428     326.06400    -375.85501      10.25000      -1.24612       0.57944       0.03182       0.58613     -15.56522      22.89200       0.00400       1.43300       0.00600
6    143507     352.00400     609.57397      10.20000      -1.65468       0.47709       0.03184       0.59346     -15.29147      23.03200       0.00800       1.43500       0.01400
6    145836     409.64899    -383.54800      10.15000      -1.74021       0.63884       0.03186       0.61021     -15.56733      22.66200       0.00400       1.38200       0.00600
6    147053     439.11700    -719.55603      10.15000      -1.74021       0.71291       0.03339       0.61875     -15.66067      22.76500       0.00500       1.35200       0.00700
