Reg      ID      X(")        Y(")          LogAge      [Fe/H]VI     logg          E(B-V)       RA(deg)    Dec(deg)       V            eV           VI           eVI   
8          5    -11.56900     16.32700      9.89222     -1.89141      0.42636      0.03721      0.48875    -15.45631     22.28547      0.00973      1.35569      0.01120
8          9    -27.34400    -21.24500      9.50391     -1.95948      0.75954      0.05807      0.48421    -15.46672     22.29939      0.02075      1.35039      0.00340
8         11    -14.15000     -4.41500      9.35793     -1.96033      0.92116      0.03807      0.48800    -15.46206     22.33956      0.03776      1.25427      0.02411
8         12    -35.99300    -75.39400      9.99944     -1.98034      0.53839      0.03768      0.48171    -15.48178     22.35441      0.01331      1.43374      0.00702
8         20    -42.25200    -24.65900     10.19787     -1.90646      0.25421      0.03807      0.47992    -15.46769     22.40530      0.00322      1.45867      0.00359
8         23     40.17000    -25.99800      9.75084     -1.96088      0.74094      0.03641      0.50367    -15.46805     22.42319      0.02441      1.33758      0.01208
8         31    -21.20400   -117.13300      9.94452     -1.88782      0.16705      0.03768      0.48596    -15.49336     22.46811      0.01790      1.52611      0.02639
8         35     20.62800    -23.08400      9.70575     -1.96579      0.78338      0.03807      0.49804    -15.46725     22.47376      0.01550      1.32918      0.01033
8         39     20.13200     -5.67100      9.45917     -1.87284      0.54859      0.03807      0.49787    -15.46242     22.49005      0.01991      1.60533      0.02830
8         51     -9.52200   -110.84500      9.44874     -1.88666      0.58890      0.03768      0.48933    -15.49161     22.52093      0.00087      1.58429      0.00363
7        52     106.42200      94.41290       9.25000      -1.95941       1.22165       0.05571       0.46169     -15.49012      22.75000       0.12000       1.16000       0.15000
8         52     29.80500    -42.20300      9.79689     -1.95753      0.77721      0.03641      0.50067    -15.47256     22.52447      0.02196      1.32420      0.00177
8         53    -33.11900     54.75300      9.40830     -1.95830      1.02206      0.03721      0.48254    -15.44561     22.52908      0.01831      1.21106      0.01808
8         56    -46.17100     39.89600      9.59035     -1.87239      0.46766      0.03721      0.47879    -15.44975     22.53410      0.00784      1.46667      0.00234
8         77    -39.48700     68.84900      9.85367     -1.89594      0.49969      0.03721      0.48071    -15.44169     22.58510      0.00876      1.56979      0.00204
8         83     40.29600    -23.27500      9.92563     -1.94868      0.76692      0.03641      0.50371    -15.46731     22.60889      0.00737      1.32776      0.00630
7       100      96.51780      47.37310       9.65000      -1.89649       0.48418       0.03800       0.46444     -15.47705      22.44000       0.06000       1.41000       0.07211
8        101      4.64400    -25.40500      9.89962     -1.89965      0.52625      0.03807      0.49342    -15.46789     22.66419      0.00226      1.50069      0.01495
8        119    -40.34000     42.95200      9.69904     -1.96441      0.97881      0.03721      0.48046    -15.44889     22.71936      0.01694      1.23218      0.00224
8        128    -86.09300   -102.85800     10.14946     -1.90225      0.46011      0.03744      0.46725    -15.48942     22.74619      0.00324      1.41025      0.00421
8        133    -46.22100     25.68800      9.94609     -1.97686      0.84005      0.03721      0.47875    -15.45369     22.75258      0.00423      1.31328      0.00728
8        134    -20.67800     21.88600     10.05100     -1.98309      0.80559      0.03721      0.48613    -15.45475     22.75655      0.01542      1.30713      0.00129
8        137    -27.41400     25.54800     10.15168     -1.98597      0.76483      0.03721      0.48417    -15.45375     22.76139      0.02595      1.31969      0.00527
8        148     36.78400      2.08300     10.13910     -1.88818      0.26226      0.03641      0.50267    -15.46025     22.80254      0.01164      1.51021      0.00631
8        149    -16.52100    -84.79400     10.14895     -1.90556      0.48875      0.03768      0.48733    -15.48439     22.80474      0.00255      1.40874      0.01222
8        158     27.24000    -30.53300      9.75376     -1.89957      0.48727      0.03641      0.49992    -15.46931     22.84668      0.00387      1.49148      0.01837
8        160     40.60300     -3.47200      6.40000     -1.97761      4.41711      1.60820      0.50379    -15.46181     22.85110      0.00951      1.34148      0.01613
7       167      89.62700      62.87440       9.60000      -1.96621       1.05350       0.03800       0.46635     -15.48135      22.79000       0.10000       1.22000       0.12207
8        180    -53.64300   -102.58800      9.79909     -1.97110      1.00112      0.07744      0.47663    -15.48933     22.95982      0.00134      1.27345      0.01138
7       183      87.89080     -53.10650       9.90000      -1.97538       0.92958       0.06641       0.46684     -15.44914      22.90000       0.09000       1.29000       0.10817
7       200      86.49400     -36.50760      10.15000      -1.90471       0.47394       0.03800       0.46722     -15.45375      22.78000       0.13000       1.41000       0.15264
7       215      85.86360     -13.48060       9.05000      -1.95616       1.30951       0.03800       0.46740     -15.46014      22.62000       0.10000       1.10000       0.13454
7       247      83.82380     -64.79170       9.90000      -1.97500       0.85530       0.05641       0.46797     -15.44589      22.77000       0.09000       1.31000       0.10817
7       273      82.44540     117.09500      10.15000      -1.99517       0.93040       0.03800       0.46835     -15.49642      22.97000       0.10000       1.24000       0.12806
7       410      75.74330    -102.83900      10.10000      -1.90199       0.30541       0.03800       0.47021     -15.43532      22.98000       0.17000       1.54000       0.18385
7       424      75.34300     -21.70150       9.40000      -1.89063      -0.15306       0.03800       0.47032     -15.45786      22.40000       0.09000       1.95000       0.09849
7       488      73.12680     -87.21360       9.85000      -1.97338       0.78338       0.03800       0.47094     -15.43966      22.56000       0.09000       1.32000       0.10817
7       491      73.06090     110.24500      10.05000      -1.90180       0.33596       0.03800       0.47096     -15.49451      22.86000       0.09000       1.54000       0.10296
7       720      66.58060     129.95599       9.50000      -1.96374       0.99290       0.03800       0.47276     -15.49999      22.61000       0.07000       1.24000       0.09220
7       731      66.17120     -28.83850       6.40000      -2.01430       4.21514       1.60820       0.47287     -15.45588      22.45000       0.09000       1.27000       0.10296
7       802      64.20310     108.34200       9.35000      -1.96066       0.85948       0.11571       0.47342     -15.49398      22.49000       0.06000       1.38000       0.07810
7       840      63.23940      29.28020      10.00000      -1.90024       0.29484       0.03800       0.47368     -15.47202      22.98000       0.12000       1.60000       0.13416
7       861      62.77460     -29.77160       6.40000      -2.01430       4.21514       1.60820       0.47381     -15.45562      22.50000       0.08000       1.45000       0.09434
7       976      59.74700     -46.40080       9.75000      -1.89533       0.31497       0.03800       0.47465     -15.45100      22.70000       0.07000       1.58000       0.08062
7      1073      57.48910     -31.98670       9.85000      -1.90020       0.63681       0.03800       0.47528     -15.45500      22.70000       0.10000       1.49000       0.11662
7      1116      56.52320    -115.66500       9.60000      -1.89531       0.34709       0.04705       0.47555     -15.43176      22.51000       0.12000       1.53000       0.13416
7      1158      55.63580      35.06400       9.85000      -1.97321       0.84771       0.03800       0.47580     -15.47363      22.66000       0.08000       1.29000       0.10000
7      1194      54.70420     -37.08400       9.80000      -1.97108       0.84816       0.03800       0.47605     -15.45359      22.61000       0.17000       1.29000       0.23345
7      1217      54.17780     128.30099       9.40000      -1.96080       0.78714       0.03800       0.47620     -15.49953      22.18000       0.12000       1.31000       0.13000
7      1254      53.56300      13.31890       9.30000      -1.96017       1.34187       0.03800       0.47637     -15.46759      22.94000       0.10000       1.10000       0.12806
7      1293      52.81310    -102.63200      10.25000      -1.90759       0.58462       0.03800       0.47658     -15.43538      22.87000       0.16000       1.48000       0.17464
7      1299      52.68560      91.59440       9.75000      -1.96944       1.10033       0.03800       0.47662     -15.48933      22.95000       0.09000       1.19000       0.11402
7      1483      48.47000     -76.56880      10.10000      -1.98996       0.88135       0.04705       0.47779     -15.44262      22.92000       0.10000       1.28000       0.12207
7      1567      46.96130     143.68700       9.95000      -1.90071       0.07589       0.03800       0.47821     -15.50380      22.32000       0.08000       1.55000       0.09434
7      1592      46.51130     -88.31740       9.95000      -1.90071       0.39136       0.03800       0.47833     -15.43936      22.65000       0.09000       1.45000       0.10296
7      1596      46.41120     -44.26740      10.20000      -1.90374       0.19643       0.03800       0.47836     -15.45159      22.88000       0.08000       1.60000       0.09434
7      1651      45.09760     -37.31040       9.80000      -1.97120       0.98247       0.03800       0.47872     -15.45352      22.81000       0.09000       1.23000       0.11402
7      1764      42.27700     -54.21380      10.00000      -1.90024       0.26269       0.03800       0.47951     -15.44883      22.82000       0.08000       1.51000       0.09434
7      1840      40.84240      13.61700       9.95000      -1.90198       0.40203       0.03800       0.47990     -15.46767      22.44000       0.07000       1.42000       0.08062
7      1863      40.50540     121.51700       9.50000      -1.96245       0.77720       0.03800       0.48000     -15.49764      22.26000       0.08000       1.32000       0.09434
7      1933      39.25480     109.27400       9.70000      -1.92582       0.67940       0.11571       0.48035     -15.49424      22.57000       0.11000       1.47000       0.13038
7      2056      36.86760     -39.87140       9.45000      -1.96172       1.17176       0.03800       0.48101     -15.45281      22.80000       0.09000       1.16000       0.11402
7      2186      34.35260      64.37230       9.95000      -1.90098       0.29123       0.03800       0.48171     -15.48177      22.48000       0.07000       1.50000       0.08062
7      2191      34.26620     -96.67940      10.20000      -1.99873       0.84430       0.03800       0.48173     -15.43703      22.90000       0.15000       1.28000       0.17000
7      2285      32.49400     115.04800       9.90000      -1.90117       0.01469       0.11571       0.48222     -15.49585      22.10000       0.07000       1.57000       0.08062
7      2294      32.35790     115.21000       9.10000      -1.95632       0.72075       0.11571       0.48226     -15.49589      22.03000       0.06000       1.43000       0.07211
7      2339      31.55870    -106.41900       9.75000      -1.89972       0.61955       0.03800       0.48248     -15.43433      22.44000       0.10000       1.45000       0.11180
7      2389      30.81280     -91.75000      10.10000      -1.99219       0.89368       0.03800       0.48269     -15.43840      22.95000       0.13000       1.29000       0.15264
7      2515      28.65530     -16.53340       9.25000      -1.95949       0.82204       0.21641       0.48329     -15.45930      22.66000       0.07000       1.52000       0.08602
7      2600      27.00830     -90.80390       9.15000      -1.95705       1.29721       0.03800       0.48375     -15.43867      22.71000       0.10000       1.11000       0.13454
7      2617      26.84920      46.63910       9.00000      -1.95639       1.07382       0.03800       0.48379     -15.47684      22.18000       0.08000       1.18000       0.10630
7      2628      26.75340     -94.59610       9.75000      -1.89533       0.27597       0.03800       0.48382     -15.43761      22.67000       0.10000       1.60000       0.11180
7      2650      26.40060    -115.88400       9.60000      -1.96475       0.99109       0.03800       0.48392     -15.43170      22.66000       0.12000       1.23000       0.15000
7      2714      25.35770     -53.32140       9.60000      -1.96603       0.91429       0.03800       0.48421     -15.44908      22.58000       0.08000       1.27000       0.09434
7      2718      25.29180     -90.60190       9.90000      -1.90117       0.33224       0.03800       0.48422     -15.43872      22.25000       0.07000       1.36000       0.08602
7      2990      21.31340     -60.27370       9.60000      -1.89531       0.29566       0.04768       0.48533     -15.44715      22.46000       0.07000       1.56000       0.08062
7      3188      18.47950     -79.81340      10.10000      -1.99214       0.84601       0.03800       0.48612     -15.44172      22.88000       0.15000       1.31000       0.16553
7      3214      18.00070     -37.87380       9.75000      -1.89532       0.31334       0.03800       0.48625     -15.45337      22.77000       0.11000       1.57000       0.12530
7      3271      16.72520     144.22200       9.50000      -1.96265       1.20590       0.03800       0.48660     -15.50395      22.90000       0.11000       1.15000       0.13601
7      3379      14.17680      73.80110      10.05000      -1.98589       0.83621       0.03800       0.48731     -15.48439      22.78000       0.08000       1.29000       0.09434
7      3473      12.02980     -24.71040      10.05000      -1.90180       0.26721       0.03800       0.48791     -15.45702      22.81000       0.08000       1.58000       0.09434
7      3492      11.68630      -6.60816      10.25000      -1.90460       0.22168       0.03800       0.48800     -15.46205      22.74000       0.10000       1.51000       0.11180
7      3676       7.18668     -60.35580       8.85000      -1.96108       1.44976       0.04768       0.48925     -15.44712      22.66000       0.10000       1.06000       0.12806
7      3679       7.08084     -27.49720      10.25000      -1.90461       0.37563       0.03800       0.48928     -15.45625      22.98000       0.09000       1.48000       0.11402
7      3738       6.01632     -11.89620       9.80000      -1.89921       0.56553       0.03800       0.48958     -15.46058      22.69000       0.08000       1.55000       0.09434
7      3778       5.04576     -10.34570       9.95000      -1.90071       0.32275       0.03800       0.48985     -15.46101      22.59000       0.07000       1.49000       0.08602
7      3830       3.87324     -24.45410       8.55000      -1.96508       1.34259       0.03800       0.49017     -15.45710      22.09000       0.05000       1.06000       0.06403
7      3897       2.32128     124.60200       9.75000      -1.96940       0.97034       0.03800       0.49061     -15.49850      22.75000       0.09000       1.24000       0.11402
7      3901       2.22696     -48.46140       9.35000      -1.96067       1.07052       0.03800       0.49063     -15.45043      22.55000       0.10000       1.19000       0.12207
7      3964       0.79344     -76.30850       9.80000      -1.89921       0.62742       0.03800       0.49103     -15.44269      22.76000       0.13000       1.52000       0.15264
7      3995       0.12492     -10.39070       9.90000      -1.97517       0.95100       0.03800       0.49122     -15.46100      22.85000       0.09000       1.25000       0.11402
7      4046      -0.96948      84.48730       8.90000      -1.95780       1.58223       0.03800       0.49152     -15.48736      22.92000       0.20000       1.01000       0.26249
7      4195      -4.42080     -20.05200       9.20000      -1.95840       0.83101       0.03800       0.49248     -15.45832      22.04000       0.05000       1.29000       0.06403
7      4216      -4.68756     -67.81430       9.85000      -1.90020       0.50110       0.03800       0.49255     -15.44505      22.59000       0.12000       1.57000       0.13892
7      4237      -5.10120      28.22330       9.40000      -1.96080       0.78714       0.03800       0.49267     -15.47173      22.18000       0.09000       1.31000       0.10817
7      4274      -5.94648     -38.04160       9.25000      -1.95956       0.95150       0.03800       0.49290     -15.45332      22.27000       0.05000       1.24000       0.06403
7      4317      -7.04952     172.12100      10.00000      -1.90024       0.30537       0.03800       0.49321     -15.51170      22.99000       0.12000       1.55000       0.13892
7      4377      -8.25048      -2.79036       9.50000      -1.96273       0.83761       0.03800       0.49354     -15.46311      22.34000       0.06000       1.29000       0.07810
7      4450     -10.09870     101.69900      10.05000      -1.98545       0.82390       0.03800       0.49406     -15.49214      22.78000       0.09000       1.30000       0.10817
7      4467     -10.34890     -65.02790       9.65000      -1.96721       0.90186       0.03800       0.49412     -15.44583      22.60000       0.15000       1.28000       0.17493
7      4481     -10.61930      16.88980       9.85000      -1.97454       0.91490       0.03800       0.49420     -15.46858      22.79000       0.10000       1.28000       0.14142
7      4527     -11.55960       0.31392       9.75000      -1.89533       0.44533       0.03800       0.49446     -15.46398      22.81000       0.09000       1.52000       0.10296
7      4546     -11.99520     -64.01990       9.20000      -1.96009       1.33957       0.03800       0.49458     -15.44611      22.90000       0.22000       1.11000       0.27803
7      4579     -12.50680     -21.43190       9.95000      -1.90071       0.29521       0.03800       0.49472     -15.45794      22.47000       0.06000       1.49000       0.07810
7      4698     -14.97240     -49.29590      10.20000      -1.90615       0.49292       0.03800       0.49541     -15.45020      22.67000       0.20000       1.36000       0.22361
7      4704     -15.09910      21.97370       8.80000      -1.96353       1.59479       0.03800       0.49544     -15.46999      22.83000       0.11000       1.01000       0.16279
7      4778     -16.64350     -71.25410       9.60000      -1.96463       0.78237       0.03800       0.49587     -15.44410      22.35000       0.14000       1.32000       0.16125
7      4798     -17.16010     143.17599       9.95000      -1.90071       0.47214       0.03800       0.49602     -15.50366      22.74000       0.08000       1.42000       0.09434
7      4889     -19.21970      82.21250      10.00000      -1.98133       0.79315       0.03800       0.49659     -15.48673      22.69000       0.19000       1.31000       0.23022
7      4916     -19.82300      81.33840      10.20000      -1.90615       0.38629       0.03800       0.49676     -15.48648      22.58000       0.21000       1.41000       0.23259
7      4932     -20.29640     171.57100       9.75000      -1.96940       0.97034       0.03800       0.49689     -15.51155      22.75000       0.13000       1.24000       0.15264
7      5004     -22.02800      83.67950       9.90000      -1.97666       0.84040       0.03800       0.49737     -15.48713      22.72000       0.18000       1.31000       0.21095
7      5013     -22.21520      98.93740      10.05000      -1.98552       0.85561       0.03800       0.49742     -15.49137      22.82000       0.14000       1.28000       0.16643
7      5142     -25.63200      27.92200       9.80000      -1.97114       0.82470       0.03800       0.49837     -15.47165      22.58000       0.10000       1.30000       0.11662
7      5163     -26.07980       8.75808       9.75000      -1.97044       0.90470       0.03800       0.49849     -15.46632      22.69000       0.09000       1.28000       0.10817
7      5212     -27.17640      -4.17708      10.15000      -1.90471       0.48197       0.03800       0.49880     -15.46273      22.76000       0.09000       1.39000       0.10817
7      5339     -30.25370     116.01100      10.25000      -1.90759       0.66697       0.03800       0.49965     -15.49611      22.97000       0.09000       1.44000       0.10817
7      5377     -30.85020       6.53580      10.05000      -1.98545       0.82390       0.03800       0.49982     -15.46570      22.78000       0.11000       1.30000       0.12530
7      5538     -34.13410      14.46230       9.25000      -1.95953       1.27551       0.03800       0.50073     -15.46791      22.78000       0.12000       1.12000       0.14422
7      5593     -35.46720     -30.61870       9.55000      -1.96526       1.16137       0.05368       0.50110     -15.45538      22.97000       0.09000       1.20000       0.11402
7      5642     -36.50620      16.47040       9.55000      -1.96380       0.82152       0.03800       0.50139     -15.46846      22.36000       0.07000       1.30000       0.08602
7      5668     -37.13080     183.45399      10.20000      -1.99873       0.84430       0.03800       0.50156     -15.51485      22.90000       0.14000       1.28000       0.16643
7      5728     -38.32450     -15.71180       9.20000      -1.95837       1.23876       0.03800       0.50190     -15.45952      22.67000       0.08000       1.13000       0.10000
7      5759     -38.82920      -7.23816       9.90000      -1.90117       0.55677       0.03800       0.50204     -15.46188      22.71000       0.08000       1.49000       0.09434
7      5830     -40.19830      25.72850      10.25000      -1.90461       0.19563       0.03800       0.50242     -15.47104      22.85000       0.16000       1.57000       0.17088
7      5870     -41.17460     132.03600      10.20000      -1.99873       0.84430       0.03800       0.50269     -15.50057      22.90000       0.12000       1.28000       0.13416
7      6044     -45.03960     -27.15840      10.20000      -1.90374       0.36526       0.03800       0.50376     -15.45634      22.99000       0.10000       1.49000       0.11662
7      6112     -46.75500     118.00700       9.85000      -1.90020       0.57229       0.03800       0.50424     -15.49667      22.64000       0.08000       1.53000       0.08944
7      6225     -49.22750      93.65580       9.15000      -1.95911       1.41436       0.03800       0.50492     -15.48990      22.98000       0.09000       1.09000       0.12042
7      6227     -49.31960      48.13740      10.20000      -1.90615       0.49845       0.03800       0.50495     -15.47726      22.68000       0.08000       1.36000       0.10000
7      6229     -49.41360      19.78310      10.25000      -1.90461       0.19563       0.03800       0.50498     -15.46938      22.85000       0.14000       1.57000       0.15653
7      6239     -49.75560     -27.15410       9.90000      -1.90117       0.59928       0.05807       0.50507     -15.45635      22.76000       0.08000       1.50000       0.09434
7      6377     -53.12050      48.65580       9.65000      -1.96721       0.83229       0.03800       0.50601     -15.47740      22.50000       0.07000       1.31000       0.08602
7      6494     -55.90370     -19.52210       9.85000      -1.97337       0.83697       0.05807       0.50678     -15.45847      22.70000       0.08000       1.32000       0.10000
7      6537     -57.45890     108.50500      10.25000      -1.90759       0.45568       0.03800       0.50721     -15.49403      22.53000       0.07000       1.34000       0.08602
7      6601     -59.63080      77.34850       9.75000      -1.89531      -0.25682       0.14646       0.50781     -15.48537      22.73000       0.08000       1.96000       0.08944
7      6789     -71.36820      71.59360       9.40000      -1.96089       0.69625       0.14646       0.51107     -15.48378      22.40000       0.07000       1.49000       0.08062
7      6851     -76.73220      49.24300      10.00000      -1.90024       0.01865       0.03800       0.51256     -15.47757      22.79000       0.11000       1.71000       0.12083
7      6873     -79.48660     149.37300       9.45000      -1.89411       0.47639       0.15190       0.51333     -15.50538      22.56000       0.08000       1.55000       0.09434
7      6924     -84.01460     112.00400       9.05000      -1.95631       1.48230       0.03800       0.51459     -15.49500      22.91000       0.12000       1.05000       0.15620
7      6951     -87.93940     140.56400       9.10000      -1.95638       1.08691       0.15190       0.51568     -15.50293      22.68000       0.08000       1.32000       0.09434
7      6955     -88.05780     196.46201       9.85000      -1.90019       0.26097       0.03800       0.51571     -15.51846      22.11000       0.10000       1.43000       0.11662
7      7012     -95.93640      82.80540       9.80000      -1.89921       0.62742       0.03800       0.51790     -15.48689      22.76000       0.11000       1.52000       0.12530
7      7028     -98.42440     120.90300       9.80000      -1.89921       0.59568       0.03800       0.51859     -15.49747      22.70000       0.13000       1.54000       0.14765
6     15814    -744.53302     508.00400      10.15000      -1.99661       0.56105       0.03370       0.27767     -15.31961      22.48700       0.01400       1.42500       0.01600
6     25612    -462.60101    -595.34198       9.90000      -1.97500       0.89358       0.03017       0.35867     -15.62617      22.74000       0.00500       1.26100       0.01100
6     33348    -269.85101     -38.94300      10.10000      -1.99028       0.85300       0.03506       0.41429     -15.47164      22.84500       0.00400       1.28000       0.00700
6     34036    -255.79800    -259.47000      10.00000      -1.98136       0.75984       0.03527       0.41833     -15.53289      22.63500       0.00600       1.32400       0.00800
6     36247    -217.33800     367.17200       9.95000      -1.97783       0.72515       0.03210       0.42946     -15.35883      22.54900       0.00800       1.33900       0.00900
6     36601    -211.69901     -74.82500       9.85000      -1.97356       1.11859       0.03711       0.43108     -15.48161      23.05200       0.00500       1.18000       0.00900
6     36765    -209.30000     -66.86300       9.85000      -1.90020       0.78689       0.03711       0.43175     -15.47939      22.89200       0.00600       1.41600       0.00800
6     37709    -195.48801     187.31700       9.85000      -1.90020       0.67035       0.03311       0.43575     -15.40880      22.73500       0.00500       1.46500       0.00700
6     38015    -190.83501     151.39301       9.50000      -1.89447       0.41961       0.03457       0.43708     -15.41878      22.37200       0.00600       1.46200       0.00800
6     41834    -145.31599     137.85001      10.15000      -1.90471       0.48197       0.03457       0.45021     -15.42253      22.75100       0.00600       1.38700       0.00900
6     42108    -142.74100      36.99200      10.00000      -1.98164       1.06943       0.03646       0.45096     -15.45056      23.08800       0.00700       1.19300       0.01100
6     42248    -141.59900      57.89700       9.80000      -1.90047       0.53988       0.03646       0.45129     -15.44475      22.34900       0.00500       1.48100       0.00700
6     42294    -141.24001      54.03400       9.90000      -1.90122       0.50149       0.03646       0.45138     -15.44583      22.49000       0.00700       1.53800       0.00800
6     42897    -135.58299      67.67200       9.95000      -1.97975       1.04679       0.03646       0.45300     -15.44203      23.06900       0.00700       1.23100       0.01000
6     43180    -133.14600     -60.38200       9.95000      -1.90071       0.23290       0.03744       0.45371     -15.47761      22.39000       0.00800       1.51400       0.00900
6     43212    -132.86400      25.71300      10.15000      -1.90495       0.23477       0.03646       0.45379     -15.45369      22.46500       0.00800       1.49300       0.01000
6     44959    -120.23500     -37.96900       9.90000      -1.90118       0.72144       0.03780       0.45742     -15.47139      22.76500       0.00500       1.42200       0.00600
6     45243    -118.55600     332.17300      10.15000      -1.99513       0.96869       0.03269       0.45792     -15.36856      23.02100       0.01000       1.21900       0.01200
6     45969    -114.29200     307.16501      10.20000      -1.99869       0.90834       0.03362       0.45917     -15.37550      22.97700       0.00700       1.24500       0.01000
6     46196    -113.07800     330.17001       9.70000      -1.96765       0.91857       0.03269       0.45950     -15.36911      22.61300       0.00400       1.25100       0.00600
6     46350    -112.20900    -331.27399       9.90000      -1.90118       0.84320       0.03406       0.45975     -15.55286      22.91500       0.00600       1.35800       0.00800
6     46614    -110.68400     102.50900       9.85000      -1.97490       1.12135       0.03574       0.46021     -15.43236      23.10400       0.00500       1.19800       0.00800
6     47795    -104.28600    -294.55301       9.85000      -1.97302       0.81520       0.05519       0.46200     -15.54264      22.66600       0.00400       1.32600       0.00500
6     48326    -101.50300     218.96899       9.95000      -1.90098       0.30287       0.05866       0.46283     -15.40000      22.60200       0.00300       1.53200       0.00600
6     48339    -101.45200      20.91100       9.75000      -1.96931       0.88853       0.03646       0.46283     -15.45503      22.63400       0.00500       1.26700       0.00800
6     48389    -101.23500    -221.64101       9.85000      -1.97338       0.75429       0.03519       0.46292     -15.52239      22.51000       0.00700       1.33000       0.00900
6     49004     -98.21700     -93.88600      10.20000      -1.90615       0.34636       0.03744       0.46379     -15.48692      22.52800       0.00400       1.42300       0.00600
6     49100     -97.67900     260.20401      10.25000      -1.91005       0.43450       0.03362       0.46396     -15.38856      22.21700       0.01700       1.29200       0.01900
6     49317     -96.70400     -12.75900      10.15000      -1.90471       0.31701       0.03780       0.46421     -15.46439      22.62300       0.00700       1.47400       0.00900
6     50704     -90.58600      79.75200       9.85000      -1.90018       0.33743       0.03646       0.46596     -15.43867      22.27900       0.00900       1.38400       0.01100
6     50823     -90.13400    -222.70599       9.95000      -1.90071       0.25305       0.03519       0.46608     -15.52269      22.52000       0.00700       1.53300       0.00800
6     51088     -88.97900     452.79999       9.95000      -1.90070      -0.07728       0.03238       0.46646     -15.33506      22.21500       0.01200       1.61900       0.01200
6     51808     -86.09300    -102.85800      10.15000      -1.90471       0.45963       0.03744       0.46725     -15.48942      22.74600       0.00600       1.41000       0.00800
6     52419     -83.64800      13.18800       9.95000      -1.90205       0.44223       0.10213       0.46796     -15.45717      22.66800       0.00900       1.48000       0.01100
6     52795     -82.22800     142.69701       9.50000      -1.96265       1.09300       0.15190       0.46837     -15.42120      23.09100       0.01100       1.33400       0.01400
6     53568     -79.45600     -19.16700       9.70000      -1.92910       0.97718       0.03780       0.46917     -15.46617      22.73200       0.00900       1.23400       0.01100
6     53985     -77.96800     153.77600       9.45000      -1.96257       1.10814       0.03574       0.46963     -15.41811      22.73600       0.00500       1.18800       0.00800
6     54600     -75.87800     -23.59600       9.20000      -1.95857       1.48418       0.03780       0.47021     -15.46739      23.08000       0.00800       1.05400       0.01200
6     55785     -71.64000      71.72100       9.15000      -1.95697       1.31112       0.14646       0.47146     -15.44092      23.08600       0.00700       1.24100       0.01100
6     56099     -70.56600    -206.86099       9.95000      -1.90071       0.21227       0.03739       0.47175     -15.51830      22.42400       0.00600       1.53000       0.00800
6     56418     -69.41700     153.34200       9.35000      -1.96268       1.36815       0.03574       0.47208     -15.41825      23.08200       0.00700       1.10300       0.01200
6     56588     -68.84900     169.33400       9.75000      -1.89531       0.22534       0.03366       0.47225     -15.41381      22.54500       0.00700       1.46100       0.00900
6     56724     -68.40700     141.93900      10.00000      -1.90405       0.71431       0.03574       0.47238     -15.42142      22.91100       0.00900       1.45100       0.01200
6     57413     -66.18800    -256.82599       9.85000      -1.90020       0.38128       0.09519       0.47300     -15.53217      22.41000       0.00500       1.47400       0.00700
6     57737     -65.12600       0.00400       9.85000      -1.97358       1.13296       0.03780       0.47333     -15.46083      23.07400       0.00900       1.17500       0.01300
6     58007     -64.20900      60.40400       9.95000      -1.97807       0.79237       0.03646       0.47358     -15.44406      22.64800       0.01200       1.31300       0.01600
6     58023     -64.14400     133.81300       9.75000      -1.96931       0.90821       0.03574       0.47358     -15.42367      22.66100       0.00800       1.26500       0.01000
6     59373     -59.83100     112.17700       9.60000      -1.89531       0.38923       0.03549       0.47483     -15.42967      22.49800       0.00900       1.50000       0.01100
6     59991     -57.90100     228.41299       9.95000      -1.90071       0.45725       0.03366       0.47542     -15.39739      22.75100       0.00500       1.39800       0.00700
6     60386     -56.82600     190.92999       9.35000      -1.96042       0.84896       0.09482       0.47571     -15.40781      22.40500       0.00800       1.35600       0.01000
6     60782     -55.57300     486.41000      10.20000      -1.90615       0.21607       0.03170       0.47608     -15.32572      22.37600       0.00600       1.47300       0.00700
6     60849     -55.37700     440.11499       9.65000      -1.96619       0.80717       0.12238       0.47613     -15.33858      22.70000       0.01000       1.41600       0.01000
6     61450     -53.64300    -102.58800       9.80000      -1.97113       0.99928       0.07744       0.47663     -15.48933      22.96000       0.01400       1.27500       0.01600
6     61467     -53.58000     352.80600      10.10000      -1.90326       0.44792       0.03269       0.47667     -15.36283      22.81100       0.00400       1.43100       0.00600
6     61723     -52.78700    -432.19400      10.25000      -1.90760       0.63823       0.03260       0.47688     -15.58089      22.93500       0.00600       1.45400       0.00900
6     62001     -51.99700     153.40199       9.40000      -1.96122       1.25508       0.04549       0.47708     -15.41822      22.91400       0.01000       1.13800       0.01500
6     62236     -51.29300    -246.56300       9.25000      -1.95947       0.97072       0.14977       0.47729     -15.52933      22.66300       0.01100       1.37000       0.01400
6     62523     -50.46800      94.99100      10.10000      -1.99041       0.85238       0.03549       0.47754     -15.43444      22.82100       0.00900       1.27400       0.01300
6     62790     -49.67900      65.55600      10.10000      -1.98988       0.93979       0.03721       0.47775     -15.44261      22.97300       0.00700       1.24600       0.01100
6     63296     -48.26900     326.78601       9.70000      -1.96871       0.82166       0.03269       0.47817     -15.37006      22.50700       0.01100       1.31000       0.01200
6     63713     -47.13300    -132.78101      10.15000      -1.99516       0.84181       0.03768       0.47850     -15.49772      22.84600       0.00900       1.28100       0.01100
6     63733     -47.07900     145.37700      10.10000      -1.98995       0.88840       0.04549       0.47850     -15.42044      22.92300       0.00900       1.27300       0.01300
6     64019     -46.22100      25.68800       9.95000      -1.97947       0.83844       0.03721       0.47875     -15.45369      22.75300       0.00900       1.31400       0.01400
6     64042     -46.17100      39.89600       9.60000      -1.89531       0.46026       0.03721       0.47879     -15.44975      22.53300       0.01100       1.46700       0.01200
6     65000     -43.35000     268.20999      10.05000      -1.98589       0.88677       0.05387       0.47958     -15.38633      22.90300       0.00900       1.28900       0.01100
6     65395     -42.25200     -24.65900      10.20000      -1.90650       0.25294       0.03807       0.47992     -15.46769      22.40500       0.00700       1.45900       0.00900
6     65792     -41.10000     139.47600       9.90000      -1.90118       0.94196       0.03549       0.48025     -15.42208      23.05500       0.00500       1.31300       0.01100
6     66063     -40.34000      42.95200       9.70000      -1.96765       0.97833       0.03721       0.48046     -15.44889      22.71800       0.00800       1.23200       0.01200
6     66274     -39.76300     128.95100      10.20000      -1.99876       0.82474       0.03549       0.48063     -15.42500      22.86200       0.00900       1.28600       0.01200
6     66373     -39.48700      68.84900       9.85000      -1.90020       0.50110       0.03721       0.48071     -15.44169      22.58600       0.00900       1.57000       0.01100
6     66825     -38.21000    -235.25000       9.90000      -1.90118       0.59721       0.03435       0.48108     -15.52617      22.60500       0.00800       1.47900       0.00900
6     66896     -38.03800     -42.75900       9.55000      -1.96378       1.06974       0.05149       0.48113     -15.47272      22.77600       0.01100       1.21300       0.01300
6     67084     -37.49500     -88.22000      10.05000      -1.98558       0.91571       0.03768       0.48129     -15.48533      22.90700       0.01200       1.25500       0.01400
6     67140     -37.32500     153.76100      10.25000      -1.90765       0.37766       0.05549       0.48133     -15.41811      22.48200       0.00600       1.39700       0.00900
6     67622     -35.99300     -75.39400      10.00000      -1.98123       0.54117       0.03768       0.48171     -15.48178      22.35300       0.00800       1.43300       0.01000
6     67737     -35.67600     497.27100       9.30000      -1.89380       0.77298       0.15170       0.48179     -15.32269      22.57300       0.00900       1.49600       0.01100
6     67926     -35.19100     258.31799       9.75000      -1.96929       0.83794       0.05387       0.48196     -15.38908      22.60700       0.00500       1.31700       0.00800
6     68040     -34.86700      16.10100      10.20000      -1.99876       0.82474       0.03721       0.48204     -15.45636      22.87000       0.00700       1.29000       0.01100
6     68105     -34.70900    -192.44600       9.95000      -1.90071       0.28139       0.03692       0.48208     -15.51428      22.44000       0.00800       1.49300       0.01300
6     68668     -33.11900      54.75300       9.40000      -1.96122       1.02626       0.03721       0.48254     -15.44561      22.52700       0.01100       1.20900       0.01400
6     69250     -31.61700     360.08099       9.20000      -1.96053       1.40448       0.03327       0.48296     -15.36081      22.99500       0.01100       1.08600       0.01200
6     69514     -30.88800     120.84500       9.90000      -1.97541       0.86461       0.03549       0.48317     -15.42728      22.70700       0.00400       1.28100       0.01000
6     69670     -30.47700    -100.59000       9.55000      -1.96390       1.20982       0.03768       0.48329     -15.48878      22.95000       0.01400       1.14800       0.01600
6     69724     -30.33500     111.56900       9.90000      -1.97569       1.12128       0.03549       0.48333     -15.42983      23.09100       0.00900       1.17800       0.01200
6     70232     -29.03200     159.13100      10.05000      -1.98558       0.91571       0.06549       0.48371     -15.41664      22.99400       0.00900       1.29200       0.01300
6     70851     -27.41400      25.54800      10.15000      -1.99427       0.76526       0.03721       0.48417     -15.45375      22.75800       0.01300       1.31900       0.01600
6     70870     -27.34600      20.20700      10.15000      -1.99459       0.96753       0.03721       0.48421     -15.45522      23.04800       0.01200       1.22800       0.01600
6     70872     -27.34400     -21.24500       9.50000      -1.96264       0.76052       0.05807       0.48421     -15.46672      22.29700       0.00800       1.35000       0.01000
6     70993     -27.02700     414.44699      10.00000      -1.98114       0.79232       0.03295       0.48429     -15.34572      22.67900       0.00500       1.30600       0.00700
6     71158     -26.62000      78.91500      10.15000      -1.99535       0.92411       0.03721       0.48442     -15.43892      22.96500       0.01100       1.24600       0.01400
6     71351     -26.10700      97.22300      10.20000      -1.90615       0.23612       0.03549       0.48454     -15.43383      22.39100       0.01200       1.45200       0.01500
6     71354     -26.10500     277.76401       9.65000      -1.96617       0.86915       0.05387       0.48454     -15.38367      22.58000       0.00500       1.30100       0.00700
6     71767     -25.02200    -134.64799       9.70000      -1.92500       0.76471       0.03768       0.48487     -15.49822      22.46400       0.00900       1.32500       0.01200
6     72056     -24.24800    -128.50999       9.90000      -1.90118       0.97811       0.03768       0.48508     -15.49653      23.11100       0.01400       1.30200       0.01700
6     72215     -23.85700     132.06400      10.20000      -1.90615       0.49845       0.03549       0.48521     -15.42414      22.67300       0.00800       1.35400       0.01200
6     72378     -23.47800     174.90300      10.10000      -1.99224       0.91755       0.03482       0.48533     -15.41225      22.97500       0.00500       1.27500       0.01000
6     72708     -22.66200    -122.96200      10.20000      -1.90895       0.52168       0.03768       0.48554     -15.49500      22.53100       0.00600       1.45200       0.00800
6     73145     -21.61500     311.23801      10.15000      -1.90549       0.16498       0.03327       0.48588     -15.37439      22.39300       0.00800       1.52400       0.01000
6     73231     -21.38700      88.61500       9.35000      -1.96082       1.26071       0.03549       0.48592     -15.43622      22.84400       0.01000       1.12200       0.01300
6     73288     -21.20400    -117.13300       9.95000      -1.90071       0.16608       0.03768       0.48596     -15.49336      22.46600       0.01000       1.52300       0.01200
6     73512     -20.67800      21.88600      10.05000      -1.98554       0.80567       0.03721       0.48613     -15.45475      22.75500       0.01000       1.30700       0.01200
6     73547     -20.59600     595.51501       9.70000      -1.96880       0.91394       0.03084       0.48617     -15.29542      22.64000       0.00800       1.27200       0.00900
6     74182     -19.03600     103.33000       9.50000      -1.96392       1.10935       0.03549       0.48658     -15.43214      22.78400       0.00600       1.19300       0.01100
6     74400     -18.48500     -68.34300       8.75000      -1.96357       1.42531       0.03768       0.48675     -15.47980      22.47800       0.00900       1.05200       0.01400
6     74479     -18.29500     239.58900      10.00000      -1.98149       1.02549       0.03387       0.48679     -15.39428      23.01000       0.01200       1.21000       0.01400
6     74941     -17.08100    -366.28799       9.85000      -1.90020       0.78482       0.03353       0.48717     -15.56258      22.87700       0.00400       1.40800       0.00700
6     75091     -16.69300     123.44600       9.95000      -1.97851       1.06587       0.03549       0.48729     -15.42656      23.04100       0.01000       1.19600       0.01400
6     75153     -16.52100     -84.79400      10.15000      -1.90471       0.48507       0.03768       0.48733     -15.48439      22.80500       0.00900       1.41000       0.01100
6     75353     -16.00300    -133.71899       9.85000      -1.97337       0.77386       0.08739       0.48746     -15.49797      22.70700       0.01600       1.38900       0.02500
6     75394     -15.89200     -48.29800      10.00000      -1.98113       0.97439       0.03807       0.48750     -15.47425      22.96600       0.00800       1.22900       0.01100
6     75430     -15.78300     115.98100       9.45000      -1.89411       0.62957       0.03549       0.48754     -15.42861      22.54700       0.01300       1.55400       0.01500
6     75589     -15.42100     188.88100       9.70000      -1.92640       0.70847       0.03482       0.48763     -15.40836      22.33600       0.00800       1.34700       0.01000
6     75849     -14.71800     217.61800       9.55000      -1.89611       0.67042       0.03482       0.48783     -15.40039      22.39300       0.01200       1.44000       0.01400
6     76096     -14.15000      -4.41500       9.35000      -1.96083       0.92738       0.03807       0.48800     -15.46206      22.33600       0.01000       1.25200       0.01200
6     76253     -13.68000     166.52299      10.05000      -1.98582       0.72545       0.03482       0.48813     -15.41458      22.61500       0.01000       1.33700       0.01300
6     76682     -12.65100     176.47900       9.85000      -1.90019       0.37843       0.03482       0.48846     -15.41181      22.31100       0.00600       1.37900       0.01000
6     77134     -11.56900      16.32700       9.90000      -1.90117       0.42235       0.03721       0.48875     -15.45631      22.28400       0.01000       1.35400       0.01200
6     77968      -9.52200    -110.84500       9.45000      -1.89411       0.58913       0.03768       0.48933     -15.49161      22.52100       0.00600       1.58400       0.00900
6     78066      -9.30300      62.06200      10.20000      -1.99874       0.93757       0.03721       0.48942     -15.44358      23.03200       0.01100       1.23800       0.01800
6     78157      -9.06800      15.74500       9.00000      -1.95624       1.28046       0.03721       0.48946     -15.45647      22.51600       0.01000       1.10300       0.01400
6     78566      -8.09100     130.05000       9.85000      -1.90020       0.72853       0.03549       0.48975     -15.42470      22.80300       0.00700       1.43800       0.01100
6     78684      -7.77600      14.00100       9.90000      -1.97564       1.07780       0.03721       0.48983     -15.45694      23.02600       0.01000       1.19700       0.01500
6     78748      -7.62900     157.27000      10.00000      -1.98113       0.82717       0.04549       0.48988     -15.41714      22.78100       0.00900       1.31100       0.01300
6     78781      -7.54300    -123.01700      10.20000      -1.99996       0.85759       0.03768       0.48992     -15.49500      22.90100       0.00900       1.27300       0.01200
6     78871      -7.31500     -71.69200       9.85000      -1.97309       0.80422       0.03768       0.48996     -15.48075      22.59600       0.00800       1.30600       0.01100
6     78977      -7.06100    -372.32700       9.90000      -1.90118       0.88240       0.03353       0.49004     -15.56425      22.96800       0.00700       1.33700       0.00800
6     79047      -6.89000     178.66901      10.20000      -2.00137       0.80709       0.03482       0.49008     -15.41119      22.88300       0.00700       1.32100       0.01000
6     79201      -6.49200     321.73099       9.45000      -1.89411       0.67761       0.03327       0.49021     -15.37147      22.58800       0.00400       1.52000       0.00600
6     79329      -6.13600    -448.31299      10.10000      -1.90326       0.41277       0.03229       0.49033     -15.58536      22.84500       0.00400       1.46500       0.00800
6     79348      -6.08300     118.60100       9.90000      -1.90117       0.48840       0.03549       0.49033     -15.42789      22.44800       0.00700       1.30700       0.01000
6     79753      -5.13500    -205.66701      10.10000      -1.99039       0.84886       0.05692       0.49058     -15.51797      22.89000       0.01400       1.30400       0.01500
6     80128      -4.20600     291.37701       9.55000      -1.96381       0.81284       0.03387       0.49087     -15.37989      22.34200       0.01100       1.30100       0.01200
6     80304      -3.73300     -80.77300       9.45000      -1.96183       0.80669       0.03768       0.49100     -15.48328      22.25600       0.01000       1.30200       0.01200
6     81684      -0.24100      66.77900      10.25000      -2.00326       0.87962       0.03721       0.49200     -15.44228      22.97900       0.01400       1.26400       0.01700
6     81827       0.08700     224.79300       8.95000      -1.95670       1.32062       0.03482       0.49213     -15.39839      22.51700       0.01200       1.08900       0.01300
6     81959       0.41200    -182.92300       9.20000      -1.95838       1.44307       0.03692       0.49221     -15.51164      23.00300       0.01200       1.06500       0.01500
6     81971       0.45200     180.40401       9.15000      -1.95920       1.43564       0.03482       0.49221     -15.41072      23.00400       0.01200       1.07700       0.01600
6     82068       0.66800     123.66000       9.70000      -1.92713       0.90344       0.03549       0.49229     -15.42647      22.61900       0.00900       1.26300       0.01300
6     82332       1.28000     228.97900       9.60000      -1.96475       0.91095       0.03482       0.49246     -15.39722      22.52700       0.01000       1.26100       0.01200
6     82602       1.99800    -163.85899       9.50000      -1.89591       0.77703       0.03692       0.49267     -15.50636      22.28400       0.00700       1.31900       0.01000
6     83024       3.02600     180.11900       9.20000      -1.95848       1.47046       0.03482       0.49296     -15.41080      23.04400       0.01000       1.05300       0.01500
6     83056       3.10800     -28.33500       9.95000      -1.90071       0.24958       0.03807       0.49296     -15.46869      22.43600       0.00800       1.51400       0.01100
6     83111       3.32000      74.29600       9.30000      -1.96024       1.03536       0.03721       0.49304     -15.44019      22.44500       0.00800       1.20600       0.01200
6     83215       3.55200     278.23599       9.35000      -1.96083       0.90688       0.04387       0.49313     -15.38356      22.32200       0.01000       1.26200       0.01200
6     83507       4.30300     -69.47300       9.65000      -1.89647       0.40134       0.03768       0.49333     -15.48014      22.49800       0.00700       1.43500       0.00900
6     83574       4.43100      68.09000       9.75000      -1.96940       0.97034       0.03721       0.49338     -15.44192      22.74600       0.01000       1.23600       0.01200
6     83649       4.64400     -25.40500       9.90000      -1.90117       0.52418       0.03807       0.49342     -15.46789      22.66400       0.01300       1.50200       0.01400
6     83660       4.67600     154.19000       9.75000      -1.96929       0.83794       0.03549       0.49342     -15.41800      22.54800       0.01400       1.29100       0.01700
6     83980       5.44400     -83.33400       9.20000      -1.95973       1.26742       0.03768       0.49367     -15.48397      22.77700       0.00900       1.13100       0.01200
6     83981       5.44400     168.43401      10.10000      -1.99055       0.82167       0.03482       0.49367     -15.41405      22.77900       0.01100       1.29300       0.01400
6     84300       6.27000     121.43400      10.05000      -1.98587       0.77628       0.03549       0.49388     -15.42711      22.68900       0.01400       1.31400       0.01600
6     84534       6.84500     -14.86200      10.10000      -1.99219       0.89368       0.03807       0.49404     -15.46497      22.95200       0.01000       1.28600       0.01400
6     84650       7.09900    -359.62500      10.15000      -1.90471       0.19149       0.03353       0.49413     -15.56072      22.47600       0.00900       1.52300       0.01000
6     84993       7.93700     -56.45700       9.60000      -1.89715       0.75115       0.03807       0.49438     -15.47653      22.34900       0.00800       1.33900       0.01200
6     85070       8.13500     254.35899       9.85000      -1.97358       1.13296       0.03387       0.49442     -15.39017      23.06400       0.01500       1.17100       0.02000
6     86236      10.92200      47.75500       9.30000      -1.96149       1.20193       0.03721       0.49525     -15.44756      22.76200       0.00900       1.15400       0.01300
6     86425      11.34200      38.21400      10.15000      -1.90471       0.37654       0.03721       0.49533     -15.45022      22.68500       0.00900       1.45100       0.01100
6     86451      11.40200      91.71400       9.95000      -1.90098       0.30028       0.03549       0.49538     -15.43536      22.51600       0.00600       1.50400       0.00900
6     86637      11.81200      35.20300       9.90000      -1.90117       0.55677       0.03721       0.49550     -15.45106      22.70900       0.01600       1.48800       0.01800
6     87327      13.51000     118.71700      10.10000      -1.98990       0.92638       0.03549       0.49596     -15.42786      22.94500       0.00900       1.24700       0.01600
6     87454      13.85200     165.60001      10.00000      -1.98164       1.06943       0.03482       0.49608     -15.41483      23.08200       0.01600       1.19000       0.02000
6     87479      13.89600     221.33200       9.75000      -1.96946       1.11465       0.03482       0.49608     -15.39936      22.95900       0.01100       1.18000       0.01300
6     87871      14.88800    -294.43399      10.25000      -2.00611       0.83687       0.03435       0.49638     -15.54261      22.96600       0.01800       1.30600       0.01900
6     88226      15.69700      50.95900       9.35000      -1.96076       1.30137       0.03721       0.49662     -15.44667      22.91800       0.01000       1.11200       0.01600
6     88482      16.36600     -65.20600      10.10000      -1.90459       0.13723       0.04768       0.49679     -15.47894      22.46600       0.01500       1.57900       0.01700
6     88769      17.05900    -257.44699       9.25000      -1.95959       1.39610       0.03435       0.49700     -15.53233      22.96800       0.01800       1.07800       0.02000
6     89422      18.64100    -275.91901       9.95000      -1.90098       0.30915       0.03435       0.49746     -15.53747      22.55300       0.01000       1.50600       0.01200
6     89919      19.80300    -124.75200      10.05000      -1.90427       0.44521       0.03768       0.49779     -15.49550      22.59300       0.01000       1.40500       0.01200
6     90054      20.13200      -5.67100       9.45000      -1.89411       0.55615       0.03807       0.49787     -15.46242      22.48700       0.01300       1.60100       0.01400
6     90089      20.22100     -42.18000       9.80000      -1.89921       0.40247       0.03807       0.49792     -15.47256      22.27000       0.00700       1.40300       0.01100
6     90266      20.62800     -23.08400       9.70000      -1.96871       0.78600       0.03807       0.49804     -15.46725      22.47200       0.01100       1.32800       0.01400
6     92477      26.00600     366.73599      10.25000      -1.90760       0.65349       0.03327       0.49958     -15.35897      22.94700       0.00700       1.43900       0.00900
6     92689      26.54200    -171.52600       9.65000      -1.89647       0.41879       0.03692       0.49975     -15.50847      22.51400       0.00500       1.42500       0.00700
6     92968      27.24000     -30.53300       9.75000      -1.89533       0.48500       0.03641       0.49992     -15.46931      22.84700       0.01100       1.49300       0.01400
6     93228      27.87000    -350.62399      10.15000      -1.99433       0.88007       0.03353       0.50013     -15.55822      22.90700       0.00800       1.25900       0.01000
6     93435      28.33500    -325.33401      10.15000      -1.99661       0.58518       0.03353       0.50025     -15.55119      22.52100       0.00700       1.41400       0.00900
6     93544      28.62700     -15.61800       8.50000      -1.96655       1.55732       0.21641       0.50033     -15.46517      22.96600       0.00900       1.22000       0.01200
6     93762      29.15000     166.05800       9.50000      -1.96267       1.12126       0.03494       0.50050     -15.41469      22.75300       0.01100       1.17700       0.01600
6     94049      29.80500     -42.20300       9.80000      -1.96694       0.77615       0.03641       0.50067     -15.47256      22.52200       0.01800       1.32400       0.02100
6     94050      29.80800     218.46100       9.70000      -1.92665       0.82577       0.03482       0.50067     -15.40014      22.50200       0.01100       1.29500       0.01300
6     94672      31.31600      33.88900       9.90000      -1.97547       0.80880       0.03661       0.50113     -15.45142      22.63400       0.00800       1.30400       0.01100
6     94779      31.57900     120.46300       9.10000      -1.95619       1.40669       0.11571       0.50117     -15.42736      23.09100       0.01400       1.17100       0.01800
6     94899      31.81200      81.59800       9.80000      -1.89920       0.46742       0.03661       0.50125     -15.43817      22.38700       0.00700       1.37500       0.01000
6     94935      31.87300     131.81700       9.85000      -1.90019       0.36099       0.03571       0.50125     -15.42422      22.28600       0.00800       1.38500       0.01000
6     95305      32.76000    -157.61099      10.10000      -1.99000       0.92300       0.03543       0.50154     -15.50461      22.94000       0.00900       1.24800       0.01300
6     95600      33.56100     102.75600       9.20000      -1.95844       1.05421       0.03571       0.50175     -15.43228      22.36900       0.01100       1.18800       0.01500
6     95712      33.77600     -52.03400       9.75000      -1.96937       1.02887       0.03641       0.50183     -15.47528      22.83100       0.01200       1.21600       0.01500
6     95858      34.17000     255.33501      10.15000      -1.98363       0.68873       0.03396       0.50192     -15.38992      22.64400       0.01000       1.35000       0.01200
6     96123      34.76400      15.47900       8.70000      -1.96384       1.36583       0.03661       0.50208     -15.45653      22.31200       0.00900       1.05700       0.01200
6     96466      35.60900     146.69099      10.00000      -1.98124       0.74238       0.03571       0.50233     -15.42008      22.62100       0.01300       1.33200       0.01600
6     96871      36.57500     112.57000       9.40000      -1.96089       0.80781       0.11571       0.50262     -15.42956      22.46200       0.01000       1.40500       0.01300
6     96961      36.78400       2.08300      10.15000      -1.90286       0.25465       0.03641       0.50267     -15.46025      22.80400       0.01100       1.51100       0.01400
6     97119      37.11700     138.90700       9.60000      -1.96491       0.97704       0.03571       0.50279     -15.42225      22.62100       0.01000       1.23100       0.01300
6     97255      37.46300     207.35001       9.60000      -1.96490       0.99298       0.03494       0.50288     -15.40322      22.64500       0.01100       1.22000       0.01400
6     97270      37.51000    -239.39900      10.00000      -1.90489       0.77359       0.03443       0.50292     -15.52733      22.72800       0.01000       1.33300       0.01200
6     97965      39.22400      56.29800       9.70000      -1.92640       0.80998       0.03661       0.50338     -15.44519      22.48200       0.00800       1.30900       0.01200
6     98037      39.40800      -6.87400       6.40000      -1.98267       4.51486       1.60820       0.50346     -15.46275      23.08400       0.01100       1.36800       0.01300
6     98084      39.49700     118.60500       9.80000      -1.97112       0.89806       0.11571       0.50346     -15.42789      22.93300       0.01100       1.37000       0.01400
6     98205      39.79600     174.06799       9.95000      -1.97838       1.03670       0.03494       0.50354     -15.41247      22.99800       0.01000       1.20800       0.01400
6     98354      40.17000     -25.99800       9.75000      -1.96929       0.74344       0.03641       0.50367     -15.46805      22.42000       0.01300       1.33600       0.01500
6     98413      40.29600     -23.27500       9.95000      -1.97791       0.75828       0.03641       0.50371     -15.46731      22.60800       0.01200       1.32700       0.01400
6     98547      40.60300      -3.47200       6.40000      -1.99383       4.41313       1.60820       0.50379     -15.46181      22.85200       0.01000       1.34300       0.01300
6     98860      41.30800     225.99600      10.25000      -1.90760       0.65881       0.03494       0.50400     -15.39806      22.96400       0.00900       1.44900       0.01100
6     99236      42.24200    -209.39700      10.00000      -1.98138       0.94926       0.03543       0.50425     -15.51900      22.90000       0.00900       1.24100       0.01200
6     99625      43.21500    -239.95799       9.90000      -1.97538       1.02739       0.03443       0.50454     -15.52750      22.95700       0.01300       1.21200       0.01400
6     99648      43.25300    -286.42099       9.95000      -1.90098       0.29489       0.03443       0.50454     -15.54039      22.49000       0.01300       1.50100       0.01400
6    100186      44.56100     -58.87000       9.95000      -1.90071       0.37373       0.03641       0.50492     -15.47719      22.58500       0.00900       1.46000       0.01300
6    100223      44.63700    -547.58099       9.80000      -1.89921       0.40247       0.03217       0.50496     -15.61294      22.25100       0.00700       1.39600       0.00800
6    100273      44.75000     -79.84900       9.70000      -1.96934       1.16690       0.03705       0.50500     -15.48300      23.05600       0.01200       1.18400       0.01600
6    100303      44.84700      50.28500       9.55000      -1.96526       1.23082       0.03661       0.50500     -15.44686      23.03200       0.01000       1.15600       0.01500
6    100549      45.40600    -215.11800       9.75000      -1.96934       1.08605       0.03543       0.50517     -15.52058      22.91600       0.01300       1.19200       0.01900
6    100961      46.44600     170.70399       9.30000      -1.96132       1.33567       0.03494       0.50546     -15.41342      22.96900       0.01000       1.11000       0.01400
6    101092      46.73100     127.49700       9.95000      -1.90071       0.21818       0.03571       0.50554     -15.42542      22.45300       0.01000       1.54200       0.01200
6    101446      47.58400     405.07999      10.10000      -1.90326       0.42844       0.03289       0.50579     -15.34831      22.79200       0.00700       1.44100       0.00800
6    101577      47.87400     275.47699      10.20000      -1.99970       0.81204       0.03396       0.50587     -15.38431      22.82200       0.01200       1.28600       0.01400
6    101811      48.46300     -96.12700       9.95000      -1.90071       0.30088       0.03705       0.50604     -15.48753      22.48200       0.00700       1.49100       0.01000
6    102264      49.54600     226.75000       9.70000      -1.96880       0.91394       0.03494       0.50638     -15.39783      22.65200       0.00700       1.27000       0.00900
6    102360      49.73500     -87.11900      10.25000      -1.90759       0.76472       0.03705       0.50642     -15.48503      23.09600       0.01000       1.38700       0.01400
6    102443      49.93000    -447.45901       9.60000      -1.89531       0.31629       0.03223       0.50650     -15.58514      22.55600       0.00400       1.52500       0.00600
6    103427      52.43300    -119.26900      10.25000      -1.90759       0.45568       0.04705       0.50721     -15.49397      22.56200       0.00500       1.35600       0.00700
6    103451      52.47500    -296.08701       9.75000      -1.97080       1.11129       0.03443       0.50721     -15.54308      23.00200       0.01200       1.19900       0.01300
6    103467      52.52100      86.85400       8.90000      -1.95769       1.42653       0.03571       0.50721     -15.43669      22.64300       0.00700       1.06000       0.01300
6    103927      53.61500    -156.86600       9.45000      -1.96302       1.13058       0.04543       0.50754     -15.50442      22.80500       0.00900       1.19400       0.01100
6    104189      54.28100     -35.40500       9.45000      -1.96293       1.06059       0.03641       0.50771     -15.47067      22.66500       0.00700       1.20800       0.01100
6    104365      54.73700     307.25601      10.25000      -1.90759       0.45568       0.03375       0.50783     -15.37547      22.51800       0.01200       1.33600       0.01400
6    104657      55.53500    -191.89000      10.15000      -1.90797       0.59863       0.03543       0.50808     -15.51414      22.59600       0.01200       1.41100       0.01300
6    105200      56.92700    -104.16000       9.90000      -1.90118       0.54045       0.03705       0.50850     -15.48978      22.60200       0.01200       1.51400       0.01400
6    105459      57.60100    -184.10699      10.05000      -1.98587       0.77628       0.03543       0.50871     -15.51197      22.68800       0.00900       1.31200       0.01000
6    105597      57.95600     -68.50100       9.10000      -1.95626       1.36477       0.04705       0.50879     -15.47986      22.79600       0.00800       1.09800       0.01200
6    105727      58.27800      36.53400      10.20000      -1.90615       0.46123       0.03661       0.50888     -15.45069      22.63000       0.00800       1.37000       0.01300
6    105747      58.31900    -114.56200       9.40000      -1.96127       1.34839       0.04705       0.50888     -15.49267      23.07500       0.00700       1.10700       0.01000
6    106077      59.16800    -252.36700       9.85000      -1.97299       0.78556       0.07443       0.50912     -15.53094      22.69100       0.00800       1.36500       0.01000
6    106137      59.32500     136.28000       9.35000      -1.96074       1.05042       0.03571       0.50917     -15.42297      22.51000       0.01100       1.19100       0.01400
6    106306      59.75600     -57.07100      10.00000      -1.98116       0.65901       0.03641       0.50929     -15.47669      22.51100       0.01000       1.37200       0.01200
6    106380      59.94300     -66.85500       9.45000      -1.96186       0.97577       0.04705       0.50938     -15.47942      22.52700       0.00600       1.23900       0.01100
6    107581      63.30800     -37.71300       9.60000      -1.96489       1.02304       0.03641       0.51033     -15.47130      22.70500       0.01000       1.21600       0.01300
6    107638      63.46000    -114.51300       9.80000      -1.97112       0.83986       0.04705       0.51038     -15.49264      22.63400       0.00900       1.31000       0.01100
6    107644      63.46800     175.25600       8.75000      -1.96337       1.37455       0.03494       0.51038     -15.41214      22.38100       0.00800       1.06300       0.01100
6    107656      63.50700      38.28100       9.70000      -1.94860       0.76261       0.03661       0.51038     -15.45019      22.41300       0.00900       1.32800       0.01200
6    107812      63.96700     182.27000       8.75000      -1.96314       1.23893       0.03494       0.51050     -15.41019      22.15400       0.00800       1.10200       0.01100
6    107919      64.23900     -25.18600       6.40000      -2.09703       3.46631       2.07214       0.51058     -15.46783      22.96900       0.00900       1.31500       0.01200
6    108407      65.62400    -101.24100      10.15000      -1.99515       0.94275       0.03705       0.51100     -15.48895      22.98600       0.00700       1.23300       0.01000
6    108558      65.98700     179.46001       9.30000      -1.96212       1.33529       0.03494       0.51108     -15.41097      22.97900       0.01600       1.11400       0.02000
6    108571      66.02000     -24.68400       6.40000      -2.00427       4.31338       1.60820       0.51113     -15.46769      22.73000       0.00700       1.18000       0.01100
6    108590      66.07600    -142.42000       9.60000      -1.89531       0.45050       0.03705       0.51113     -15.50039      22.52800       0.00900       1.47400       0.01100
6    108768      66.55600     -64.25600       9.70000      -1.96907       1.12102       0.05641       0.51125     -15.47869      23.04500       0.00900       1.22100       0.01300
6    108799      66.65000      98.03000       9.85000      -1.97342       0.86199       0.07571       0.51129     -15.43361      22.80100       0.01200       1.33500       0.01600
6    108809      66.65800    -297.57501       9.95000      -1.97975       1.04679       0.03443       0.51129     -15.54350      23.06100       0.01200       1.22400       0.01300
6    109315      68.06100     -39.29200      10.20000      -1.99980       0.82195       0.03641       0.51171     -15.47175      22.84700       0.00500       1.28500       0.01000
6    109563      68.73300     -38.52500      10.15000      -1.90495       0.27418       0.03641       0.51188     -15.47153      22.51200       0.00900       1.47900       0.01200
6    110067      70.19500    -101.03300       9.80000      -1.97112       0.89806       0.03705       0.51233     -15.48889      22.68000       0.00700       1.26900       0.01000
6    110340      70.97300     -38.73300      10.15000      -1.99427       0.76526       0.03641       0.51254     -15.47158      22.75400       0.01000       1.31900       0.01300
6    110520      71.46300     184.59900       9.70000      -1.96774       1.11743       0.03494       0.51267     -15.40956      22.92800       0.01000       1.17700       0.01400
6    110981      72.73500    -260.73001       9.70000      -1.96765       0.99830       0.07443       0.51304     -15.53325      22.86500       0.00900       1.27400       0.01100
6    111029      72.86900    -240.80000       9.70000      -1.89866       0.52793       0.03443       0.51308     -15.52772      22.53200       0.00500       1.51500       0.00700
6    112278      76.51200    -160.67799       9.90000      -1.90118       0.91503       0.03543       0.51413     -15.50547      23.01100       0.00900       1.32000       0.01100
6    112351      76.70300     705.66498       9.55000      -1.89611       0.64781       0.03173       0.51417     -15.26481      22.35400       0.00500       1.44800       0.00700
6    112375      76.77000     -77.74400       9.60000      -1.89531       0.45238       0.03705       0.51421     -15.48242      22.58100       0.00600       1.47300       0.00900
6    112564      77.40400    -489.64099       9.95000      -1.90073       0.27115       0.03209       0.51442     -15.59683      22.56500       0.00700       1.53400       0.00800
6    113947      81.56900    -387.32901      10.00000      -1.98114       0.75898       0.03223       0.51562     -15.56842      22.63400       0.00500       1.31800       0.00700
6    114494      83.37800     127.27300      10.10000      -1.90494       0.28452       0.03571       0.51613     -15.42547      22.40900       0.00900       1.45700       0.01100
6    114816      84.32000      71.06600      10.10000      -1.98993       0.93316       0.03661       0.51638     -15.44108      22.96000       0.00800       1.24400       0.01300
6    114956      84.74600      90.26600       9.95000      -1.90206       0.44080       0.04490       0.51650     -15.43575      22.47900       0.00700       1.40700       0.01000
6    115744      87.24600     -42.77700       8.90000      -1.95767       1.36428       0.03641       0.51725     -15.47272      22.54000       0.00700       1.08200       0.01200
6    116062      88.34900    -319.07800       9.95000      -1.90071       0.42497       0.03238       0.51754     -15.54947      22.68100       0.00800       1.44200       0.01000
6    116177      88.72100     106.95300      10.05000      -1.98547       0.94556       0.03571       0.51767     -15.43111      22.94400       0.01200       1.23900       0.01800
6    116462      89.67800    -131.79300       9.75000      -1.89531       0.28302       0.03705       0.51792     -15.49745      22.66000       0.00700       1.45400       0.00900
6    116713      90.62900    -164.51801       9.80000      -1.97132       1.08758       0.03543       0.51821     -15.50653      22.96000       0.00800       1.18900       0.01100
6    116869      91.16700      11.57000       9.70000      -1.96871       0.89084       0.13780       0.51837     -15.45761      22.95200       0.00600       1.41500       0.01000
6    116972      91.53700     -83.40300       9.35000      -1.96241       1.29942       0.03705       0.51846     -15.48400      22.97100       0.01100       1.12400       0.01400
6    117057      91.84300      30.85000       9.70000      -1.92607       0.85214       0.03661       0.51854     -15.45225      22.54600       0.00700       1.28700       0.01000
6    117159      92.14900    -280.24701       9.85000      -1.97326       0.92772       0.03443       0.51867     -15.53867      22.75600       0.01100       1.25000       0.01300
6    117478      93.27700    -217.23801       9.50000      -1.96288       1.27599       0.03543       0.51896     -15.52117      23.00700       0.01200       1.12200       0.01500
6    117601      93.71000      76.50800      10.05000      -1.98558       0.91571       0.04490       0.51908     -15.43958      22.92800       0.01200       1.26200       0.01500
6    117656      93.90900    -169.94000      10.05000      -1.98568       0.70419       0.03543       0.51917     -15.50803      22.60400       0.01000       1.35000       0.01200
6    117813      94.52800     317.60901      10.20000      -1.99981       0.99695       0.03375       0.51933     -15.37261      23.08500       0.00800       1.20700       0.01000
6    117884      94.78100     -93.52000      10.00000      -1.98123       0.80889       0.03705       0.51942     -15.48681      22.72000       0.00900       1.30300       0.01100
6    118299      96.32600    -133.29401      10.15000      -1.99680       0.97105       0.03705       0.51983     -15.49786      23.10200       0.00800       1.25800       0.01100
6    119070      99.12500     104.16100       9.65000      -1.96620       0.86758       0.05571       0.52067     -15.43189      22.57200       0.00800       1.30700       0.01100
6    119534     100.87200      46.53200       9.80000      -1.90046       0.52175       0.03661       0.52117     -15.44792      22.33200       0.00800       1.49100       0.00900
6    119942     102.41800      99.93400      10.00000      -1.98272       0.72125       0.05571       0.52158     -15.43308      22.68200       0.00700       1.38300       0.01000
6    120509     104.46000     284.54599      10.25000      -2.00606       0.81226       0.03396       0.52217     -15.38178      22.92700       0.00700       1.31600       0.00900
6    120556     104.60600     410.28900      10.25000      -1.90772       0.40199       0.04289       0.52221     -15.34686      22.48400       0.00900       1.37500       0.01000
6    120580     104.70000      98.60800      10.00000      -1.98116       0.65901       0.05571       0.52225     -15.43344      22.57400       0.00700       1.39600       0.00900
6    120645     104.94300      52.93000       9.65000      -1.96721       0.90186       0.03661       0.52233     -15.44614      22.59500       0.00800       1.28000       0.01100
6    120886     105.91800    -117.93900      10.20000      -2.00137       0.90451       0.03705       0.52263     -15.49358      23.04000       0.00800       1.28300       0.01200
6    121072     106.69100    -301.34500       9.75000      -1.96963       1.20023       0.03443       0.52283     -15.54453      23.09400       0.01500       1.14600       0.01900
6    121265     107.44700     -37.24900      10.15000      -1.99665       0.85065       0.03641       0.52304     -15.47117      22.91800       0.00600       1.30800       0.01000
6    121466     108.19800     121.37600       9.90000      -1.97500       0.89358       0.03571       0.52325     -15.42711      22.75900       0.00900       1.26900       0.01200
6    121565     108.57500     -22.61200       9.85000      -1.97454       0.91490       0.03641       0.52338     -15.46711      22.78400       0.01100       1.27500       0.01400
6    121607     108.75200     321.08899      10.15000      -1.90471       0.27741       0.03375       0.52342     -15.37164      22.56900       0.00400       1.48500       0.00600
6    121857     109.84700    -232.92500      10.05000      -1.98560       0.87575       0.03443       0.52375     -15.52553      22.83700       0.01600       1.26800       0.01800
6    122027     110.57600     -23.32700      10.15000      -1.99540       0.98825       0.03641       0.52396     -15.46731      23.05500       0.00700       1.21600       0.01100
6    122070     110.72500     -18.08900       9.95000      -1.90098       0.24349       0.03641       0.52400     -15.46586      22.45400       0.01000       1.52700       0.01300
6    122912     114.24700     108.89200      10.20000      -2.00151       0.92884       0.03462       0.52500     -15.43058      23.06800       0.00600       1.27300       0.01100
6    122991     114.53800    -285.68201      10.15000      -1.90768       0.55770       0.03443       0.52513     -15.54019      22.61400       0.00600       1.45900       0.00900
6    123032     114.75000      21.73600       9.90000      -1.90117       0.55677       0.03540       0.52517     -15.45481      22.70400       0.00900       1.48500       0.01100
6    123352     116.15500      53.88800       8.95000      -1.95669       1.30550       0.03540       0.52554     -15.44586      22.49300       0.00900       1.09400       0.01200
6    123466     116.64900      46.07400       8.75000      -1.96325       1.30675       0.03540       0.52571     -15.44803      22.27000       0.01300       1.08100       0.01700
6    123673     117.52900     174.57300      10.05000      -1.98756       0.84184       0.03464       0.52596     -15.41233      22.82400       0.01100       1.30700       0.01400
6    124214     119.97600    -145.91701       9.90000      -1.90118       0.60247       0.03327       0.52667     -15.50136      22.61000       0.00700       1.47900       0.00800
6    124981     123.62800     -20.70700       9.85000      -1.90020       0.49769       0.07443       0.52771     -15.46658      22.49400       0.00700       1.40100       0.00900
6    125049     123.90400     357.69699       9.60000      -1.96585       1.23371       0.03375       0.52779     -15.36147      23.05100       0.00700       1.14300       0.01100
6    126540     131.12700     171.75200      10.25000      -2.00606       0.81226       0.03464       0.52988     -15.41311      22.92800       0.01100       1.32000       0.01400
6    126750     132.28500     -11.09700      10.00000      -1.98272       0.72125       0.07443       0.53021     -15.46392      22.74200       0.00500       1.41200       0.00700
6    126995     133.52499     -77.55200      10.15000      -1.99506       0.89577       0.03490       0.53058     -15.48236      22.91300       0.00600       1.25100       0.00900
6    127015     133.62300      72.72900      10.05000      -1.90431       0.46486       0.03540       0.53058     -15.44064      22.60300       0.00800       1.39600       0.01000
6    127603     136.87000      21.71900      10.00000      -1.98272       0.72125       0.03540       0.53154     -15.45481      22.61800       0.00800       1.36000       0.01000
6    127637     137.07899    -123.33600       9.55000      -1.96380       0.78530       0.12490       0.53158     -15.49508      22.59000       0.01000       1.43000       0.01100
6    127788     137.84599     456.52200       9.55000      -1.96454       0.90567       0.12238       0.53179     -15.33403      22.79300       0.00700       1.38400       0.00800
6    127795     137.90100     -51.66500      10.25000      -2.00449       0.91054       0.03538       0.53183     -15.47519      22.99600       0.00900       1.24100       0.01200
6    127830     138.09700     292.94299      10.15000      -1.90471       0.46248       0.03408       0.53188     -15.37944      22.74200       0.00400       1.40500       0.00600
6    129316     146.78000     115.40800      10.20000      -2.00132       0.85580       0.03462       0.53438     -15.42878      22.95600       0.00600       1.30200       0.01000
6    129609     148.48199      18.23900      10.25000      -1.90765       0.24237       0.03540       0.53487     -15.45575      22.25500       0.00700       1.41900       0.00900
6    129919     150.73700     172.79100      10.20000      -2.00118       0.80168       0.03464       0.53550     -15.41283      22.83400       0.00800       1.30200       0.01100
6    129981     151.15300      33.87300       9.95000      -1.97834       1.00747       0.03540       0.53563     -15.45142      22.95300       0.01000       1.22000       0.01300
6    130537     154.88901      26.76800       9.95000      -1.90098       0.29893       0.03540       0.53671     -15.45339      22.51100       0.00800       1.50200       0.00900
6    131053     158.30000    -193.72800       9.90000      -1.90118       0.64845       0.03327       0.53771     -15.51464      22.67500       0.00600       1.45100       0.00700
6    131156     158.95700      54.04400       9.95000      -1.90071       0.24907       0.03540       0.53788     -15.44581      22.50200       0.01000       1.53600       0.01100
6    131471     161.12900       7.93100       9.45000      -1.89411       0.65259       0.03540       0.53854     -15.45864      22.57100       0.00700       1.54000       0.00800
6    133279     175.75600    -155.50700       9.70000      -1.96774       0.90618       0.03327       0.54275     -15.50403      22.60300       0.00500       1.25600       0.00700
6    133350     176.50200     -31.09800       9.90000      -1.90118       0.58314       0.03538       0.54296     -15.46947      22.59300       0.00700       1.49300       0.00800
6    134039     183.49800    -229.68900      10.00000      -1.98134       0.81146       0.03317       0.54500     -15.52464      22.69700       0.00800       1.29900       0.00900
6    134214     185.21899     153.66100       9.75000      -1.96928       0.88226       0.03464       0.54546     -15.41814      22.62500       0.01400       1.27300       0.01500
6    135251     196.78799    -157.22099      10.25000      -2.00323       0.66836       0.03327       0.54879     -15.50450      22.67000       0.00700       1.35300       0.00800
6    135870     203.84801     -16.47100       9.45000      -1.89411       0.65259       0.03364       0.55083     -15.46539      22.56500       0.00600       1.53800       0.00700
6    136649     213.75700     -24.41200       9.85000      -1.90020       0.50110       0.03364       0.55371     -15.46761      22.57400       0.00400       1.56600       0.00600
6    137776     230.78400      61.16600       9.90000      -1.90118       0.51051       0.03399       0.55858     -15.44383      22.50900       0.00700       1.52900       0.00900
6    138638     245.79300     181.06700       9.60000      -1.96666       1.23836       0.03368       0.56292     -15.41053      23.07700       0.01600       1.15100       0.01800
6    139430     260.87201      26.48100      10.05000      -1.98616       1.04762       0.03399       0.56725     -15.45347      23.07500       0.00700       1.19900       0.00900
6    140754     288.41199     238.59000       9.20000      -1.95846       1.42937       0.03361       0.57517     -15.39456      22.97200       0.00600       1.06300       0.01100
6    150007     511.39999     360.46701      10.05000      -1.98584       0.79652       0.03331       0.63942     -15.36067      22.70700       0.00700       1.30400       0.01100
