#ID  Vmag   (Vmag-Imag)   e_Vmag   e_(Vmag-Imag)   Mini
10      25.5225 0.5700  0.0105  0.0192  0.8768  
11      25.3438 0.9666  0.0094  0.0171  0.8741  
12      24.8024 0.9089  0.0073  0.0129  0.8778  
13      24.5805 1.0064  0.0067  0.0115  0.8747  
14      25.5322 0.5252  0.0105  0.0193  0.8764  
15      22.7308 1.2971  0.0046  0.0065  0.8754  
16      24.3462 1.0411  0.0061  0.0103  0.8749  
17      25.5478 0.6162  0.0105  0.0192  0.8768  
18      25.5555 0.5629  0.0105  0.0193  0.8763  
19      25.0584 0.9646  0.0082  0.0147  0.8744  
110     25.5604 0.5686  0.0106  0.0194  0.8761  
111     25.5841 0.6128  0.0107  0.0196  0.8758  
112     24.2948 1.0242  0.0061  0.0102  0.8749  
113     23.9451 1.0519  0.0055  0.0089  0.8751  
114     24.5005 1.0233  0.0065  0.0111  0.8748  
115     25.4404 0.9840  0.0098  0.0180  0.8741  
116     25.5773 0.5936  0.0108  0.0198  0.8757  
117     25.5532 0.5588  0.0105  0.0193  0.8764  
118     24.2780 1.0057  0.0060  0.0101  0.8780  
119     25.5912 0.5431  0.0109  0.0201  0.8754  
120     25.4290 0.9631  0.0098  0.0180  0.8741  
121     24.3986 1.0267  0.0062  0.0106  0.8749  
122     25.5532 0.6329  0.0105  0.0192  0.8769  
123     24.1560 1.0068  0.0058  0.0096  0.8780  
124     25.5469 0.5442  0.0106  0.0194  0.8762  
125     25.8335 0.9314  0.0126  0.0232  0.8736  
126     25.0793 0.9640  0.0082  0.0148  0.8744  
127     25.5523 0.5928  0.0105  0.0192  0.8767  
128     23.5965 1.0745  0.0051  0.0079  0.8780  
129     25.5542 0.5574  0.0106  0.0195  0.8761  
130     25.3164 0.9564  0.0093  0.0169  0.8742  
131     25.5354 0.5244  0.0106  0.0194  0.8763  
132     25.5502 0.5756  0.0105  0.0192  0.8766  
133     25.5678 0.5828  0.0106  0.0195  0.8761  
134     25.5396 0.5719  0.0105  0.0192  0.8767  
135     23.6200 1.0967  0.0051  0.0080  0.8752  
136     25.1093 0.9798  0.0083  0.0150  0.8744  
137     24.5846 1.0135  0.0067  0.0115  0.8747  
138     25.4723 0.7704  0.0101  0.0185  0.8777  
139     22.7387 1.3082  0.0046  0.0065  0.8754  
140     24.6985 0.9971  0.0070  0.0122  0.8746  
141     25.5617 0.5812  0.0105  0.0193  0.8765  
142     25.5489 0.5919  0.0105  0.0192  0.8767  
143     25.5586 0.5659  0.0106  0.0195  0.8761  
144     25.3503 0.8122  0.0095  0.0173  0.8778  
145     24.6572 0.9980  0.0069  0.0119  0.8747  
146     25.5454 0.5412  0.0106  0.0194  0.8762  
147     22.6587 1.3039  0.0046  0.0064  0.8781  
148     24.4858 1.0110  0.0064  0.0110  0.8748  
149     25.5145 0.6904  0.0104  0.0191  0.8773  
150     25.5869 0.6170  0.0107  0.0197  0.8758  
151     25.5328 0.7188  0.0104  0.0191  0.8773  
152     25.3573 0.9515  0.0095  0.0173  0.8741  
153     24.1578 1.0097  0.0058  0.0096  0.8780  
154     25.4847 0.7054  0.0103  0.0188  0.8775  
155     25.0022 0.9779  0.0079  0.0142  0.8744  
156     24.3470 1.0075  0.0062  0.0104  0.8749  
157     25.3671 0.9694  0.0095  0.0173  0.8741  
158     24.4814 1.0033  0.0064  0.0110  0.8748  
159     25.2868 0.9830  0.0091  0.0165  0.8742  
160     25.5362 0.5257  0.0106  0.0194  0.8763  
161     25.4028 0.9152  0.0098  0.0180  0.8741  
162     25.5487 0.5506  0.0105  0.0193  0.8764  
163     24.1371 1.0083  0.0058  0.0095  0.8780  
164     25.6046 0.6333  0.0108  0.0199  0.8755  
165     25.5278 0.5198  0.0105  0.0193  0.8765  
166     23.5094 1.0894  0.0050  0.0077  0.8781  
167     25.5699 0.5870  0.0106  0.0195  0.8760  
168     23.7817 1.0324  0.0053  0.0084  0.8780  
169     23.4964 1.0960  0.0050  0.0077  0.8752  
170     25.5339 0.5201  0.0106  0.0194  0.8761  
171     25.0567 0.9995  0.0081  0.0145  0.8744  
172     24.4481 1.0112  0.0064  0.0109  0.8749  
173     25.1879 0.9635  0.0087  0.0157  0.8743  
174     25.5627 0.5760  0.0105  0.0193  0.8763  
175     25.5612 0.5668  0.0107  0.0197  0.8757  
176     26.0870 0.9021  0.0151  0.0276  0.8732  
177     23.8227 1.0358  0.0054  0.0085  0.8780  
178     25.5863 0.6014  0.0108  0.0198  0.8755  
179     25.6035 0.9155  0.0110  0.0202  0.8738  
180     25.4978 0.6701  0.0104  0.0190  0.8773  
181     25.5387 0.7244  0.0104  0.0191  0.8773  
182     25.4956 0.6936  0.0103  0.0189  0.8774  
183     25.5425 0.5359  0.0106  0.0194  0.8761  
184     23.5946 1.0716  0.0051  0.0079  0.8780  
185     25.5566 0.5619  0.0106  0.0194  0.8762  
186     25.5510 0.5519  0.0106  0.0195  0.8761  
187     25.2884 0.8518  0.0091  0.0166  0.8778  
188     25.5537 0.5883  0.0105  0.0192  0.8766  
189     25.7049 0.8974  0.0118  0.0216  0.8737  
190     24.2996 1.0323  0.0061  0.0102  0.8749  
191     23.1397 1.1813  0.0048  0.0070  0.8753  
192     25.5396 0.5363  0.0105  0.0193  0.8764  
193     25.6446 0.9089  0.0113  0.0208  0.8738  
194     25.5307 0.5783  0.0105  0.0192  0.8768  
195     25.5362 0.6633  0.0105  0.0192  0.8771  
196     25.6024 0.6441  0.0107  0.0197  0.8758  
197     25.5064 0.7672  0.0102  0.0187  0.8776  
198     25.6311 0.5934  0.0110  0.0202  0.8754  
199     23.8156 1.0608  0.0054  0.0085  0.8751  
1100    25.5477 0.5896  0.0105  0.0192  0.8767  
1101    25.5523 0.6121  0.0105  0.0192  0.8768  
1102    24.4028 0.9943  0.0062  0.0106  0.8779  
1103    25.3945 0.7878  0.0097  0.0178  0.8777  
1104    25.5337 0.5247  0.0105  0.0193  0.8764  
1105    22.6475 1.3258  0.0046  0.0064  0.8754  
1106    25.5401 0.5756  0.0105  0.0192  0.8767  
1107    24.3552 1.0214  0.0062  0.0104  0.8749  
1108    24.1717 0.9994  0.0058  0.0097  0.8780  
1109    25.5603 0.5682  0.0107  0.0197  0.8758  
1110    25.2542 0.9639  0.0090  0.0163  0.8742  
1111    25.5443 0.6691  0.0105  0.0192  0.8771  
1112    25.5376 0.6884  0.0104  0.0191  0.8772  
1113    26.4164 0.8713  0.0193  0.0349  0.8725  
1114    25.4603 0.9801  0.0099  0.0182  0.8740  
1115    25.5720 0.5912  0.0107  0.0196  0.8759  
1116    24.4000 1.0290  0.0062  0.0106  0.8749  
1117    24.4951 1.0211  0.0064  0.0110  0.8748  
1118    23.2576 1.1105  0.0049  0.0073  0.8781  
1119    25.4423 0.9471  0.0099  0.0182  0.8740  
1120    25.2777 0.9663  0.0091  0.0165  0.8742  
1121    24.7037 0.9702  0.0070  0.0123  0.8746  
1122    24.9920 0.9973  0.0078  0.0140  0.8745  
1123    24.0250 1.0568  0.0056  0.0091  0.8751  
1124    24.3156 1.0244  0.0061  0.0102  0.8749  
1125    24.8454 0.9378  0.0074  0.0130  0.8778  
1126    25.4710 0.7376  0.0102  0.0186  0.8776  
1127    23.3361 1.1411  0.0049  0.0074  0.8752  
1128    25.3013 0.9691  0.0092  0.0167  0.8742  
1129    25.1068 0.9754  0.0083  0.0150  0.8744  
1130    24.9604 0.9785  0.0078  0.0139  0.8745  
1131    25.5367 0.7008  0.0104  0.0191  0.8772  
1132    25.3212 0.9652  0.0093  0.0169  0.8742  
1133    24.5080 1.0107  0.0065  0.0111  0.8748  
1134    24.8804 0.9870  0.0075  0.0133  0.8745  
1135    26.0386 0.8953  0.0146  0.0268  0.8732  
1136    24.3084 0.9846  0.0061  0.0102  0.8780  
1137    25.4603 0.8106  0.0100  0.0182  0.8777  
1138    26.3805 0.8895  0.0187  0.0338  0.8726  
1139    25.7232 0.9718  0.0116  0.0213  0.8737  
1140    25.4743 0.7741  0.0101  0.0185  0.8777  
1141    25.1452 0.9656  0.0085  0.0153  0.8743  
1142    22.8527 1.2672  0.0046  0.0066  0.8753  
1143    25.1708 0.9722  0.0086  0.0155  0.8743  
1144    24.2553 1.0029  0.0060  0.0100  0.8780  
1145    24.1456 1.0349  0.0058  0.0096  0.8750  
1146    26.1668 0.9231  0.0158  0.0288  0.8730  
1147    25.3948 0.9405  0.0097  0.0177  0.8741  
1148    24.0099 1.0321  0.0056  0.0091  0.8751  
1149    23.4448 1.1269  0.0050  0.0076  0.8752  
1150    24.9130 1.0070  0.0076  0.0134  0.8745  
1151    24.9914 0.9962  0.0078  0.0140  0.8745  
1152    24.0742 1.0450  0.0057  0.0093  0.8750  
1153    24.4563 1.0251  0.0064  0.0109  0.8749  
1154    25.4093 1.0067  0.0096  0.0175  0.8741  
1155    24.8927 0.9709  0.0076  0.0134  0.8745  
1156    24.8359 0.9239  0.0074  0.0130  0.8778  
1157    23.6417 1.0545  0.0052  0.0081  0.8780  
1158    25.3747 0.9434  0.0096  0.0175  0.8741  
1159    23.8252 1.0398  0.0054  0.0085  0.8780  
1160    24.0750 1.0772  0.0057  0.0093  0.8750  
1161    24.2294 0.9936  0.0059  0.0099  0.8780  
1162    23.7861 1.0712  0.0053  0.0084  0.8751  
1163    24.9956 1.0037  0.0078  0.0140  0.8745  
1164    24.3399 1.0305  0.0061  0.0103  0.8749  
1165    26.3384 0.9380  0.0178  0.0322  0.8727  
1166    25.1192 0.9977  0.0083  0.0150  0.8744  
1167    24.5328 1.0231  0.0065  0.0112  0.8748  
1168    25.4626 0.7527  0.0101  0.0185  0.8777  
1169    25.2012 0.9876  0.0087  0.0157  0.8743  
1170    23.0525 1.2087  0.0047  0.0069  0.8753  
1171    23.9646 1.0521  0.0055  0.0090  0.8751  
1172    23.7669 1.0696  0.0053  0.0083  0.8780  
1173    24.5716 0.9910  0.0067  0.0115  0.8747  
1174    25.1463 0.8896  0.0085  0.0153  0.8778  
1175    24.6970 0.9943  0.0070  0.0122  0.8746  
1176    25.3415 0.8567  0.0093  0.0170  0.8778  
1177    24.9537 1.0042  0.0077  0.0137  0.8745  
1178    24.7909 0.9796  0.0072  0.0128  0.8746  
1179    25.1969 0.8802  0.0087  0.0158  0.8778  
1180    25.4515 0.9640  0.0099  0.0182  0.8740  
1181    25.8128 0.9740  0.0123  0.0225  0.8736  
1182    22.9468 1.2300  0.0047  0.0068  0.8753  
1183    24.8411 0.9931  0.0074  0.0130  0.8746  
1184    24.7517 0.9827  0.0071  0.0125  0.8746  
1185    24.3950 1.0205  0.0062  0.0106  0.8749  
1186    25.4933 0.7784  0.0102  0.0186  0.8776  
1187    25.5559 0.5612  0.0107  0.0196  0.8759  
1188    25.5392 0.9623  0.0105  0.0192  0.8739  
1189    25.5592 0.5671  0.0106  0.0195  0.8760  
1190    25.5860 0.6164  0.0107  0.0196  0.8760  
1191    24.5914 1.0251  0.0067  0.0115  0.8747  
1192    26.2316 0.9576  0.0163  0.0297  0.8730  
1193    25.4538 0.7987  0.0100  0.0182  0.8777  
1194    23.3119 1.1079  0.0049  0.0073  0.8781  
1195    25.5219 0.5090  0.0105  0.0193  0.8765  
1196    25.5831 0.9194  0.0109  0.0200  0.8739  
1197    25.4578 0.9350  0.0101  0.0184  0.8740  
1198    25.5157 0.7195  0.0104  0.0190  0.8774  
1199    25.3505 0.9391  0.0095  0.0173  0.8741  
1200    24.7467 1.0098  0.0071  0.0124  0.8746  
1201    24.8565 0.9826  0.0074  0.0132  0.8745  
1202    23.1706 1.1719  0.0048  0.0071  0.8753  
1203    25.4409 0.7751  0.0100  0.0182  0.8777  
1204    25.5636 0.5748  0.0106  0.0195  0.8761  
1205    25.4470 0.7863  0.0100  0.0182  0.8777  
1206    23.9665 1.0552  0.0055  0.0090  0.8751  
1207    25.5088 0.7235  0.0103  0.0189  0.8774  
1208    25.6926 0.9563  0.0115  0.0211  0.8738  
1209    25.2208 0.9432  0.0089  0.0161  0.8742  
1210    25.5712 0.5893  0.0107  0.0196  0.8759  
1211    25.5656 0.5789  0.0107  0.0196  0.8758  
1212    24.7325 0.9715  0.0070  0.0123  0.8779  
1213    25.5542 0.5575  0.0106  0.0195  0.8761  
1214    25.4847 0.7040  0.0103  0.0188  0.8775  
1215    24.9699 0.9954  0.0078  0.0139  0.8745  
1216    25.5739 0.5874  0.0108  0.0198  0.8757  
1217    24.8876 0.9997  0.0075  0.0133  0.8745  
1218    25.5229 0.5255  0.0105  0.0192  0.8766  
1219    26.0945 0.9159  0.0151  0.0276  0.8732  
1220    24.8202 0.9940  0.0073  0.0129  0.8746  
1221    25.5143 0.6951  0.0104  0.0191  0.8773  
1222    24.8986 0.9813  0.0076  0.0134  0.8745  
1223    25.0623 0.9716  0.0082  0.0147  0.8744  
1224    24.2749 0.9645  0.0060  0.0101  0.8780  
1225    24.5446 1.0104  0.0066  0.0113  0.8747  
1226    24.8462 0.9488  0.0074  0.0130  0.8778  
1227    25.5442 0.5394  0.0106  0.0195  0.8761  
1228    25.5428 0.5364  0.0106  0.0194  0.8762  
1229    25.5742 0.5888  0.0108  0.0198  0.8757  
1230    25.6508 0.9611  0.0112  0.0205  0.8738  
1231    25.3814 0.9556  0.0096  0.0175  0.8741  
1232    25.5470 0.9356  0.0106  0.0194  0.8739  
1233    25.2986 0.9643  0.0092  0.0167  0.8742  
1234    24.8409 0.9521  0.0073  0.0130  0.8778  
1235    25.5017 0.7341  0.0103  0.0188  0.8775  
1236    25.9086 0.9457  0.0132  0.0242  0.8735  
1237    25.4774 0.7494  0.0102  0.0186  0.8776  
1238    25.5346 0.6923  0.0104  0.0191  0.8772  
1239    25.5085 0.6898  0.0104  0.0190  0.8773  
1240    25.4591 0.7616  0.0101  0.0184  0.8777  
1241    25.5834 0.9198  0.0109  0.0200  0.8739  
1242    25.5292 0.6823  0.0104  0.0191  0.8772  
1243    23.4222 1.1478  0.0050  0.0075  0.8752  
1244    23.1113 1.1547  0.0048  0.0070  0.8781  
1245    25.6478 0.9556  0.0112  0.0205  0.8738  
1246    24.5403 1.0031  0.0066  0.0113  0.8747  
1247    25.5340 0.5522  0.0105  0.0192  0.8766  
1248    24.5297 1.0177  0.0065  0.0112  0.8748  
1249    24.0014 1.0489  0.0056  0.0091  0.8751  
1250    25.5214 0.5361  0.0105  0.0192  0.8767  
1251    25.2691 0.9910  0.0090  0.0163  0.8742  
1252    26.2642 0.9311  0.0169  0.0307  0.8729  
1253    25.4187 0.8059  0.0098  0.0179  0.8777  
1254    25.3496 0.8109  0.0095  0.0173  0.8778  
1255    25.5376 0.9593  0.0105  0.0192  0.8739  
1256    25.5345 0.6419  0.0105  0.0192  0.8770  
1257    25.4698 0.9570  0.0101  0.0184  0.8740  
1258    23.7885 1.0432  0.0053  0.0084  0.8780  
1259    24.2497 0.9935  0.0060  0.0100  0.8780  
1260    23.9695 1.0600  0.0055  0.0090  0.8751  
1261    25.5577 0.5821  0.0105  0.0193  0.8765  
1262    25.5676 0.5832  0.0107  0.0196  0.8759  
1263    26.0162 0.8542  0.0146  0.0268  0.8732  
1264    23.6500 1.0876  0.0052  0.0081  0.8752  
1265    25.5335 0.5303  0.0105  0.0193  0.8765  
1266    25.8945 0.9198  0.0132  0.0242  0.8735  
1267    24.4454 1.0064  0.0064  0.0109  0.8749  
1268    25.5402 0.5319  0.0106  0.0195  0.8761  
1269    25.5432 0.7080  0.0104  0.0191  0.8772  
1270    25.8320 0.9690  0.0124  0.0229  0.8736  
1271    25.5715 0.5869  0.0107  0.0197  0.8757  
1272    24.5765 0.9995  0.0067  0.0115  0.8747  
1273    24.8401 0.9382  0.0074  0.0130  0.8778  
1274    25.5999 0.9090  0.0110  0.0202  0.8738  
1275    25.1097 0.9806  0.0083  0.0150  0.8744  
1276    23.2704 1.1525  0.0049  0.0073  0.8753  
1277    25.5342 0.5374  0.0105  0.0193  0.8765  
1278    25.5436 0.5962  0.0105  0.0192  0.8768  
1279    25.5296 0.6050  0.0105  0.0192  0.8769  
1280    24.7348 0.9889  0.0071  0.0124  0.8746  
1281    24.0276 1.0610  0.0056  0.0091  0.8751  
1282    24.1378 1.0094  0.0058  0.0095  0.8780  
1283    24.4840 1.0079  0.0064  0.0110  0.8748  
1284    22.5367 1.3528  0.0045  0.0063  0.8781  
1285    24.5032 1.0243  0.0065  0.0111  0.8749  
1286    25.7210 0.9270  0.0118  0.0216  0.8737  
1287    25.2077 0.9595  0.0088  0.0159  0.8743  
1288    23.1650 1.1636  0.0048  0.0071  0.8753  
1289    25.5004 0.7450  0.0102  0.0188  0.8776  
1290    25.5044 0.7099  0.0103  0.0189  0.8774  
1291    25.8009 0.9118  0.0124  0.0229  0.8736  
1292    25.5303 0.7686  0.0103  0.0189  0.8774  
1293    25.4228 0.9518  0.0098  0.0180  0.8741  
1294    23.7528 1.0754  0.0053  0.0083  0.8751  
1295    25.4856 0.7949  0.0101  0.0185  0.8777  
1296    25.5596 0.5661  0.0107  0.0197  0.8758  
1297    25.4777 0.9308  0.0102  0.0187  0.8740  
1298    25.4434 0.9492  0.0099  0.0182  0.8740  
1299    25.5601 0.5612  0.0108  0.0198  0.8757  
1300    25.2560 0.8571  0.0090  0.0163  0.8778  
1301    25.3262 0.9344  0.0094  0.0171  0.8741  
1302    24.6034 0.9318  0.0068  0.0117  0.8779  
1303    25.5790 0.5933  0.0108  0.0198  0.8756  
1304    25.5724 0.5860  0.0108  0.0197  0.8757  
1305    25.5040 0.9383  0.0103  0.0189  0.8740  
1306    25.5072 0.7447  0.0103  0.0188  0.8775  
1307    25.4790 0.7058  0.0102  0.0188  0.8776  
1308    24.2121 1.0484  0.0059  0.0098  0.8750  
1309    22.7906 1.2891  0.0046  0.0066  0.8754  
1310    25.5622 0.5722  0.0106  0.0195  0.8761  
1311    25.2393 0.9368  0.0090  0.0163  0.8742  
1312    23.9803 1.0461  0.0056  0.0090  0.8751  
1313    24.4943 1.0127  0.0065  0.0111  0.8748  
1314    24.7499 0.9351  0.0071  0.0125  0.8779  
1315    25.5307 0.6532  0.0105  0.0192  0.8771  
1316    24.6758 0.9939  0.0069  0.0121  0.8747  
1317    24.3555 1.0219  0.0062  0.0104  0.8749  
1318    23.6801 1.0768  0.0052  0.0082  0.8752  
1319    26.2072 0.8702  0.0166  0.0302  0.8729  
1320    25.5364 0.5918  0.0105  0.0192  0.8768  
1321    25.5716 0.5765  0.0108  0.0198  0.8756  
1322    25.5725 0.5912  0.0106  0.0195  0.8761  
1323    25.4859 0.9459  0.0102  0.0187  0.8740  
1324    25.1994 0.9444  0.0088  0.0159  0.8743  
1325    22.5244 1.3791  0.0045  0.0063  0.8754  
1326    25.4266 0.9587  0.0098  0.0180  0.8741  
1327    25.4766 0.9695  0.0101  0.0184  0.8740  
1328    25.8986 0.9275  0.0132  0.0242  0.8735  
1329    25.5511 0.5618  0.0105  0.0193  0.8765  
1330    25.5451 0.5414  0.0107  0.0196  0.8760  
1331    25.4886 0.7235  0.0102  0.0188  0.8776  
1332    25.1078 0.9772  0.0083  0.0150  0.8744  
1333    25.5241 0.5464  0.0105  0.0192  0.8767  
1334    25.5401 0.6357  0.0105  0.0192  0.8770  
1335    25.5185 0.7413  0.0103  0.0189  0.8774  
1336    24.7622 0.9568  0.0071  0.0125  0.8779  
1337    23.5764 1.0734  0.0051  0.0079  0.8781  
1338    23.5597 1.1132  0.0051  0.0078  0.8752  
1339    25.5559 0.5611  0.0107  0.0196  0.8760  
1340    25.2311 0.9619  0.0089  0.0161  0.8742  
1341    25.5309 0.5698  0.0105  0.0192  0.8768  
1342    24.6833 1.0071  0.0069  0.0121  0.8747  
1343    25.2073 0.9587  0.0088  0.0159  0.8743  
1344    24.1074 1.0365  0.0057  0.0094  0.8750  
1345    24.1870 1.0386  0.0059  0.0097  0.8750  
1346    25.5168 0.7105  0.0104  0.0190  0.8773  
1347    24.3202 1.0321  0.0061  0.0102  0.8749  
1348    25.3770 0.8347  0.0095  0.0174  0.8778  
1349    22.9981 1.2103  0.0047  0.0068  0.8753  
1350    25.4479 0.7878  0.0100  0.0182  0.8777  
1351    23.8946 1.0639  0.0054  0.0087  0.8751  
