#ID  Vmag   (Vmag-Imag)   e_Vmag   e_(Vmag-Imag)   Mini
10      25.5556 0.4393  0.0106  0.0195  0.7605  
11      24.9399 0.9772  0.0077  0.0138  0.7590  
12      25.6017 0.3017  0.0110  0.0202  0.7598  
13      23.5532 1.0673  0.0051  0.0078  0.7613  
14      25.2268 0.9779  0.0088  0.0160  0.7589  
15      25.4363 0.9636  0.0099  0.0181  0.7588  
16      25.1475 0.9905  0.0085  0.0153  0.7589  
17      24.3085 1.0304  0.0061  0.0102  0.7593  
18      25.4553 0.7464  0.0100  0.0183  0.7610  
19      26.3721 0.7980  0.0193  0.0348  0.7578  
110     25.6988 0.9340  0.0116  0.0213  0.7586  
111     26.0744 0.9141  0.0149  0.0273  0.7582  
112     25.6161 0.3032  0.0111  0.0204  0.7597  
113     25.5547 0.4023  0.0106  0.0195  0.7604  
114     25.5387 0.6243  0.0105  0.0193  0.7608  
115     24.9590 0.9862  0.0078  0.0139  0.7590  
116     25.4703 0.9717  0.0100  0.0184  0.7587  
117     24.6212 0.6436  0.0068  0.0117  0.7596  
118     25.1398 0.9505  0.0085  0.0154  0.7589  
119     25.5753 0.3327  0.0108  0.0198  0.7602  
120     24.0096 1.0016  0.0056  0.0091  0.7613  
121     24.8078 0.9803  0.0073  0.0129  0.7591  
122     25.0956 1.0012  0.0082  0.0148  0.7589  
123     25.5506 0.3933  0.0106  0.0195  0.7604  
124     25.6265 0.9626  0.0110  0.0202  0.7586  
125     25.4662 0.9641  0.0100  0.0184  0.7587  
126     25.6957 0.9285  0.0116  0.0213  0.7586  
127     25.6276 0.3474  0.0110  0.0202  0.7598  
128     25.5901 0.2945  0.0109  0.0201  0.7600  
129     25.1029 0.9883  0.0083  0.0149  0.7589  
130     24.6685 0.9308  0.0069  0.0120  0.7612  
131     24.4409 1.0152  0.0064  0.0108  0.7592  
132     24.6270 0.6756  0.0067  0.0117  0.7596  
133     25.5859 0.3220  0.0108  0.0199  0.7601  
134     25.2954 0.8588  0.0091  0.0165  0.7611  
135     25.5896 0.3371  0.0108  0.0199  0.7602  
136     25.5811 0.3661  0.0107  0.0197  0.7603  
137     22.7342 1.3412  0.0046  0.0065  0.7595  
138     25.5410 0.5875  0.0105  0.0193  0.7607  
139     24.0980 0.9839  0.0057  0.0094  0.7613  
140     24.9834 0.9794  0.0079  0.0141  0.7590  
141     25.4907 0.7238  0.0102  0.0187  0.7610  
142     24.7374 0.9992  0.0071  0.0124  0.7591  
143     25.5494 0.5904  0.0105  0.0193  0.7607  
144     25.7766 0.9415  0.0121  0.0223  0.7585  
145     23.5630 1.1153  0.0051  0.0079  0.7594  
146     24.7334 0.9922  0.0071  0.0124  0.7591  
147     25.5623 0.4120  0.0106  0.0195  0.7604  
148     25.0579 0.9852  0.0081  0.0146  0.7590  
149     25.7625 0.9156  0.0121  0.0223  0.7585  
150     25.6097 0.3220  0.0110  0.0201  0.7599  
151     25.1759 0.9637  0.0086  0.0156  0.7589  
152     25.6159 0.3255  0.0110  0.0202  0.7598  
153     25.4965 0.7154  0.0103  0.0188  0.7610  
154     25.1649 0.9698  0.0086  0.0155  0.7589  
155     25.6056 0.9511  0.0109  0.0200  0.7586  
156     25.5136 0.6963  0.0104  0.0190  0.7609  
157     25.5496 0.5472  0.0105  0.0193  0.7606  
158     25.1115 0.9516  0.0084  0.0152  0.7589  
159     24.7283 1.0005  0.0070  0.0123  0.7591  
160     23.6197 1.1237  0.0051  0.0080  0.7594  
161     24.1840 1.0527  0.0059  0.0097  0.7593  
162     25.5532 0.4888  0.0106  0.0194  0.7605  
163     25.5671 0.3771  0.0107  0.0196  0.7603  
164     25.5415 0.5589  0.0105  0.0193  0.7607  
165     24.8774 0.9866  0.0075  0.0133  0.7590  
166     24.6004 0.6295  0.0067  0.0117  0.7596  
167     25.5378 0.5898  0.0105  0.0193  0.7607  
168     22.7598 1.2777  0.0046  0.0065  0.7613  
169     25.4761 0.7502  0.0101  0.0185  0.7610  
170     24.6070 1.0294  0.0067  0.0116  0.7592  
171     25.5390 0.6463  0.0105  0.0193  0.7608  
172     26.0898 0.9699  0.0147  0.0270  0.7583  
173     25.5907 0.3288  0.0108  0.0199  0.7601  
174     24.6582 1.0056  0.0069  0.0119  0.7592  
175     25.5594 0.4673  0.0106  0.0194  0.7605  
176     25.7800 0.9478  0.0121  0.0223  0.7585  
177     25.6300 0.3393  0.0111  0.0203  0.7597  
178     25.0982 0.9538  0.0083  0.0150  0.7589  
179     24.5859 1.0161  0.0067  0.0115  0.7592  
180     24.9210 0.9687  0.0077  0.0137  0.7590  
181     25.9380 0.9098  0.0136  0.0250  0.7584  
182     25.4264 0.9454  0.0099  0.0181  0.7588  
183     24.7522 0.9922  0.0071  0.0125  0.7591  
184     25.6176 0.3398  0.0109  0.0201  0.7599  
185     25.5647 0.3912  0.0107  0.0196  0.7603  
186     23.6787 1.0620  0.0052  0.0081  0.7613  
187     24.4565 1.0202  0.0064  0.0109  0.7592  
188     23.1546 1.2018  0.0048  0.0071  0.7595  
189     25.5492 0.6787  0.0105  0.0192  0.7608  
190     24.4110 0.9763  0.0063  0.0106  0.7612  
191     23.7020 1.1074  0.0052  0.0082  0.7594  
192     25.4344 0.7958  0.0098  0.0180  0.7610  
193     24.5923 1.0039  0.0067  0.0116  0.7592  
194     23.2920 1.1704  0.0049  0.0073  0.7595  
195     24.3569 0.9954  0.0062  0.0104  0.7612  
196     23.7592 1.0951  0.0053  0.0083  0.7594  
197     25.3368 0.9424  0.0094  0.0172  0.7588  
198     24.1737 1.0561  0.0058  0.0097  0.7593  
199     22.7754 1.3120  0.0046  0.0065  0.7595  
1100    25.5323 0.5756  0.0105  0.0193  0.7607  
1101    25.5082 0.7210  0.0103  0.0189  0.7609  
1102    25.6138 0.3295  0.0110  0.0201  0.7599  
1103    23.7565 1.0908  0.0053  0.0083  0.7594  
1104    24.0357 1.0222  0.0056  0.0092  0.7613  
1105    24.3822 1.0238  0.0062  0.0105  0.7592  
1106    25.5144 0.6057  0.0105  0.0192  0.7608  
1107    24.3098 1.0326  0.0061  0.0102  0.7593  
1108    24.7079 0.9858  0.0070  0.0123  0.7591  
1109    25.1957 0.9996  0.0086  0.0156  0.7589  
1110    25.4316 0.9819  0.0098  0.0179  0.7588  
1111    23.1869 1.2134  0.0048  0.0071  0.7595  
1112    25.5545 0.3914  0.0106  0.0195  0.7604  
1113    25.2830 0.8236  0.0091  0.0166  0.7611  
1114    24.3780 1.0386  0.0062  0.0105  0.7593  
1115    25.6107 0.3324  0.0109  0.0201  0.7600  
1116    23.7875 1.0492  0.0053  0.0084  0.7613  
1117    24.6271 0.6226  0.0068  0.0118  0.7596  
1118    24.5920 0.6444  0.0067  0.0116  0.7596  
1119    25.6342 0.9499  0.0111  0.0204  0.7586  
1120    26.3787 0.9201  0.0185  0.0334  0.7579  
1121    25.5569 0.5217  0.0106  0.0194  0.7606  
1122    24.2473 0.7531  0.0060  0.0100  0.7595  
1123    25.2383 0.9729  0.0089  0.0161  0.7589  
1124    25.5895 0.3213  0.0109  0.0199  0.7601  
1125    25.6370 0.3642  0.0110  0.0202  0.7598  
1126    25.5401 0.5480  0.0105  0.0193  0.7607  
1127    25.6959 0.9557  0.0115  0.0211  0.7586  
1128    25.8684 0.9729  0.0127  0.0234  0.7585  
1129    25.1798 0.8537  0.0086  0.0156  0.7611  
1130    24.9635 0.5299  0.0078  0.0139  0.7596  
1131    23.8223 1.0423  0.0054  0.0085  0.7613  
1132    24.8309 0.9341  0.0073  0.0129  0.7611  
1133    25.5335 0.5738  0.0105  0.0193  0.7607  
1134    24.9427 0.9822  0.0077  0.0138  0.7590  
1135    25.4722 0.9481  0.0101  0.0185  0.7587  
1136    24.8515 1.0107  0.0074  0.0131  0.7591  
1137    24.4980 0.9652  0.0065  0.0111  0.7612  
1138    24.2739 0.9990  0.0060  0.0100  0.7612  
1139    25.5142 0.7249  0.0103  0.0189  0.7609  
1140    24.7936 0.9951  0.0072  0.0127  0.7591  
1141    25.5368 0.6754  0.0105  0.0192  0.7608  
1142    23.5868 1.1121  0.0051  0.0079  0.7594  
1143    23.3684 1.1545  0.0049  0.0075  0.7594  
1144    25.5719 0.3198  0.0108  0.0198  0.7602  
1145    25.4975 0.3610  0.0103  0.0188  0.7596  
1146    24.6039 0.6555  0.0067  0.0116  0.7596  
1147    23.1027 1.1673  0.0048  0.0070  0.7613  
1148    23.3992 1.1823  0.0049  0.0075  0.7594  
1149    23.2923 1.1283  0.0049  0.0073  0.7613  
1150    25.1686 0.9504  0.0086  0.0156  0.7589  
1151    25.4131 0.7830  0.0098  0.0178  0.7610  
1152    25.3631 0.9639  0.0095  0.0173  0.7588  
1153    25.2480 0.8227  0.0090  0.0163  0.7611  
1154    25.6043 0.3372  0.0109  0.0200  0.7601  
1155    25.5255 0.4930  0.0105  0.0194  0.7606  
1156    25.9104 0.9407  0.0132  0.0243  0.7584  
1157    25.5818 0.4194  0.0107  0.0196  0.7603  
1158    23.9397 1.0800  0.0055  0.0089  0.7594  
1159    25.5228 0.5205  0.0105  0.0193  0.7607  
1160    25.6142 0.3320  0.0110  0.0201  0.7599  
1161    25.4128 0.9742  0.0097  0.0178  0.7588  
1162    23.1424 1.2206  0.0048  0.0070  0.7595  
1163    24.6197 1.0118  0.0068  0.0117  0.7592  
1164    25.8862 1.0056  0.0127  0.0234  0.7585  
1165    23.2983 1.1799  0.0049  0.0073  0.7595  
1166    25.1327 0.9638  0.0085  0.0153  0.7589  
1167    25.1115 0.5137  0.0083  0.0149  0.7596  
1168    23.9491 1.0562  0.0055  0.0089  0.7593  
1169    24.0451 1.0149  0.0056  0.0092  0.7613  
1170    24.4912 1.0140  0.0065  0.0111  0.7592  
1171    24.9769 0.5539  0.0078  0.0139  0.7596  
1172    25.5309 0.6406  0.0105  0.0192  0.7608  
1173    25.5447 0.6190  0.0105  0.0193  0.7607  
1174    25.6018 0.3422  0.0109  0.0199  0.7601  
1175    24.1770 0.7697  0.0059  0.0097  0.7595  
1176    25.1109 1.0027  0.0083  0.0149  0.7589  
1177    25.5653 0.5372  0.0106  0.0194  0.7606  
1178    24.8902 1.0093  0.0075  0.0133  0.7590  
1179    25.3757 0.7915  0.0096  0.0175  0.7611  
1180    25.5271 0.5868  0.0105  0.0193  0.7607  
1181    26.2008 0.8692  0.0166  0.0302  0.7581  
1182    25.0180 0.9652  0.0080  0.0144  0.7590  
1183    25.5805 0.2948  0.0109  0.0200  0.7601  
1184    25.1650 0.9699  0.0086  0.0155  0.7589  
1185    23.3062 1.1732  0.0049  0.0073  0.7595  
1186    25.7319 0.9407  0.0118  0.0217  0.7585  
1187    24.5364 0.6997  0.0065  0.0112  0.7596  
1188    22.9011 1.2334  0.0047  0.0067  0.7613  
1189    24.4537 1.0154  0.0064  0.0109  0.7592  
1190    25.5944 0.3356  0.0108  0.0199  0.7601  
1191    25.5397 0.5473  0.0105  0.0193  0.7607  
1192    23.3102 1.1161  0.0049  0.0073  0.7613  
1193    23.5095 1.1008  0.0050  0.0077  0.7613  
1194    24.5949 1.0085  0.0067  0.0116  0.7592  
1195    22.6884 1.3527  0.0046  0.0064  0.7595  
1196    25.5560 0.4330  0.0106  0.0195  0.7605  
1197    25.6197 0.3324  0.0110  0.0202  0.7598  
1198    25.5653 0.4293  0.0106  0.0195  0.7604  
1199    24.5113 0.9684  0.0065  0.0111  0.7612  
1200    24.5858 1.0159  0.0067  0.0115  0.7592  
1201    25.5242 0.4580  0.0106  0.0194  0.7606  
1202    25.6022 0.3115  0.0109  0.0201  0.7599  
1203    24.2703 1.0505  0.0060  0.0100  0.7593  
1204    24.5946 1.0079  0.0067  0.0116  0.7592  
1205    25.5479 0.3477  0.0107  0.0196  0.7603  
1206    23.6121 1.1120  0.0051  0.0080  0.7594  
1207    25.5514 0.3880  0.0106  0.0195  0.7604  
1208    25.6247 0.3398  0.0110  0.0203  0.7597  
1209    23.4808 1.1519  0.0050  0.0077  0.7594  
1210    25.1790 0.9693  0.0086  0.0156  0.7589  
1211    25.5533 0.9890  0.0105  0.0192  0.7587  
1212    23.9728 1.0748  0.0055  0.0090  0.7593  
1213    25.3625 0.4004  0.0095  0.0174  0.7596  
1214    25.5421 0.4357  0.0106  0.0194  0.7605  
1215    23.5956 1.1259  0.0051  0.0079  0.7594  
1216    25.4318 0.7781  0.0098  0.0180  0.7610  
1217    25.8685 0.8910  0.0131  0.0241  0.7584  
1218    23.1740 1.1943  0.0048  0.0071  0.7595  
1219    24.1331 1.0706  0.0058  0.0095  0.7593  
1220    25.5298 0.5586  0.0105  0.0193  0.7607  
1221    25.5242 0.5273  0.0105  0.0193  0.7607  
1222    23.6168 1.1193  0.0051  0.0080  0.7594  
1223    26.1526 0.9465  0.0155  0.0284  0.7582  
1224    25.5931 0.3022  0.0109  0.0201  0.7600  
1225    24.3832 1.0474  0.0062  0.0105  0.7593  
1226    25.6476 0.9478  0.0112  0.0206  0.7586  
1227    25.4304 0.7496  0.0099  0.0181  0.7610  
1228    25.6051 0.3161  0.0110  0.0201  0.7599  
1229    24.5515 1.0032  0.0066  0.0114  0.7592  
1230    25.3721 0.9267  0.0096  0.0176  0.7588  
1231    25.1660 0.9718  0.0086  0.0155  0.7589  
1232    23.7543 1.1075  0.0053  0.0083  0.7594  
1233    25.1318 0.9883  0.0084  0.0152  0.7589  
1234    24.5003 0.9691  0.0065  0.0111  0.7612  
1235    25.5700 0.3184  0.0108  0.0198  0.7602  
1236    25.0022 0.9623  0.0080  0.0143  0.7590  
1237    25.6044 0.3172  0.0109  0.0201  0.7600  
1238    25.5503 0.5452  0.0105  0.0193  0.7606  
1239    25.6193 0.9494  0.0110  0.0202  0.7586  
1240    24.8361 0.5829  0.0074  0.0130  0.7596  
1241    23.6350 1.0743  0.0052  0.0080  0.7613  
1242    25.5303 0.5301  0.0105  0.0193  0.7607  
1243    25.0749 0.9640  0.0082  0.0148  0.7589  
1244    25.5305 0.5682  0.0105  0.0193  0.7607  
1245    24.5906 0.6277  0.0067  0.0116  0.7596  
1246    25.6102 0.3163  0.0110  0.0202  0.7598  
1247    24.6827 1.0041  0.0069  0.0121  0.7592  
1248    25.5029 0.7461  0.0102  0.0187  0.7610  
1249    25.6145 0.3241  0.0110  0.0202  0.7598  
1250    24.5949 1.0084  0.0067  0.0116  0.7592  
1251    25.5234 0.6708  0.0104  0.0191  0.7609  
1252    24.2194 1.0492  0.0059  0.0098  0.7593  
1253    24.4063 1.0209  0.0063  0.0107  0.7592  
1254    25.5302 0.5425  0.0105  0.0193  0.7607  
1255    25.5647 0.5323  0.0106  0.0194  0.7606  
1256    24.2160 1.0227  0.0059  0.0099  0.7593  
1257    24.6353 0.6467  0.0068  0.0118  0.7596  
1258    24.8982 1.0001  0.0075  0.0134  0.7590  
1259    24.4581 0.9753  0.0064  0.0109  0.7612  
1260    24.4695 1.0207  0.0064  0.0109  0.7592  
1261    25.3437 0.8046  0.0094  0.0171  0.7611  
1262    25.6182 0.3410  0.0109  0.0201  0.7599  
1263    22.6368 1.3717  0.0046  0.0064  0.7595  
1264    22.7370 1.3603  0.0046  0.0065  0.7595  
1265    23.7411 1.0869  0.0053  0.0083  0.7594  
1266    25.6823 0.9847  0.0113  0.0208  0.7586  
1267    25.6069 0.3667  0.0108  0.0199  0.7601  
1268    25.5447 0.4476  0.0106  0.0194  0.7605  
1269    23.0359 1.2483  0.0047  0.0069  0.7595  
1270    23.9291 1.0231  0.0055  0.0088  0.7613  
1271    25.6718 0.9383  0.0114  0.0210  0.7586  
1272    26.4409 0.9219  0.0193  0.0348  0.7578  
1273    25.2726 0.8425  0.0090  0.0164  0.7611  
1274    23.9188 1.0854  0.0055  0.0088  0.7594  
1275    25.5626 0.9259  0.0107  0.0197  0.7587  
1276    25.4637 0.7531  0.0100  0.0184  0.7610  
1277    22.6331 1.3666  0.0046  0.0064  0.7595  
1278    25.0788 0.9708  0.0082  0.0148  0.7589  
1279    25.3261 0.8511  0.0092  0.0168  0.7611  
1280    25.5118 0.6545  0.0104  0.0191  0.7609  
1281    25.6796 0.9527  0.0114  0.0210  0.7586  
1282    25.2505 0.8272  0.0090  0.0163  0.7611  
1283    24.4730 1.0266  0.0064  0.0109  0.7592  
1284    24.3313 1.0255  0.0061  0.0103  0.7593  
1285    25.5349 0.4777  0.0106  0.0194  0.7606  
1286    24.7116 1.0002  0.0070  0.0122  0.7591  
1287    25.5241 0.6419  0.0105  0.0192  0.7608  
1288    24.3683 1.0221  0.0062  0.0105  0.7593  
1289    25.5523 0.9603  0.0106  0.0194  0.7587  
1290    23.3382 1.1651  0.0049  0.0074  0.7594  
1291    25.2925 0.8035  0.0092  0.0167  0.7611  
1292    24.3085 0.9865  0.0061  0.0102  0.7612  
1293    25.5675 0.3868  0.0107  0.0196  0.7603  
1294    23.4735 1.1409  0.0050  0.0077  0.7594  
1295    25.5765 0.3522  0.0107  0.0197  0.7602  
1296    25.4411 0.7691  0.0099  0.0181  0.7610  
1297    26.2861 0.8618  0.0177  0.0320  0.7580  
1298    25.6214 0.3396  0.0110  0.0202  0.7599  
1299    25.1056 0.9933  0.0083  0.0149  0.7589  
1300    23.5710 1.0748  0.0051  0.0079  0.7613  
1301    25.5204 0.6576  0.0104  0.0192  0.7609  
1302    25.2980 0.9509  0.0092  0.0168  0.7588  
1303    24.6060 0.6497  0.0067  0.0116  0.7596  
1304    24.9372 0.9725  0.0077  0.0138  0.7590  
1305    23.8324 1.0375  0.0054  0.0085  0.7613  
1306    23.1630 1.1962  0.0048  0.0071  0.7595  
1307    23.9141 1.0779  0.0055  0.0088  0.7594  
1308    24.8394 0.9893  0.0074  0.0131  0.7591  
1309    25.6093 0.3310  0.0109  0.0201  0.7600  
1310    24.8462 0.9780  0.0074  0.0131  0.7591  
1311    23.8858 1.0719  0.0054  0.0087  0.7594  
1312    25.6286 0.9129  0.0112  0.0206  0.7586  
1313    25.2305 0.9587  0.0089  0.0161  0.7589  
1314    25.0450 0.9621  0.0081  0.0146  0.7590  
1315    25.4748 0.6756  0.0103  0.0188  0.7610  
1316    25.3571 0.9529  0.0095  0.0173  0.7588  
1317    23.5197 1.1505  0.0050  0.0077  0.7594  
1318    25.4832 0.7201  0.0102  0.0187  0.7610  
1319    25.5895 0.3114  0.0109  0.0200  0.7601  
1320    25.5009 0.7145  0.0103  0.0189  0.7609  
1321    23.4213 1.0865  0.0050  0.0076  0.7613  
1322    24.9542 0.9777  0.0078  0.0139  0.7590  
1323    25.6133 0.3255  0.0110  0.0202  0.7599  
1324    26.0244 0.9323  0.0143  0.0262  0.7583  
1325    24.7485 0.9857  0.0071  0.0125  0.7591  
1326    25.5096 0.7392  0.0103  0.0188  0.7610  
1327    24.6319 0.6407  0.0068  0.0118  0.7596  
